86 86
0 0 -1
0 1 -1
0 2 -1
0 3 -1
0 4 -1
0 5 -1
0 6 -1
0 7 -1
0 8 -1
0 9 -1
0 10 -1
0 11 -1
0 12 -1
0 13 -1
0 14 -1
0 15 -1
0 16 -1
0 17 -1
0 18 -1
0 19 -1
0 20 -1
0 21 -1
0 22 -1
0 23 -1
0 24 -1
0 25 -1
0 26 -1
0 27 -1
0 28 -1
0 29 -1
0 30 -1
0 31 -1
0 32 -1
0 33 -1
0 34 -1
0 35 -1
0 36 -1
0 37 -1
0 38 -1
0 39 -1
0 40 -1
0 41 -1
0 42 -1
0 43 -1
0 44 -1
0 45 -1
0 46 -1
0 47 -1
0 48 -1
0 49 -1
0 50 -1
0 51 -1
0 52 -1
0 53 -1
0 54 -1
0 55 -1
0 56 -1
0 57 -1
0 58 -1
0 59 -1
0 60 -1
0 61 -1
0 62 -1
0 63 -1
0 64 -1
0 65 -1
0 66 -1
0 67 -1
0 68 -1
0 69 -1
0 70 -1
0 71 -1
0 72 -1
0 73 -1
0 74 -1
0 75 -1
0 76 -1
0 77 -1
0 78 -1
0 79 -1
0 80 -1
0 81 -1
0 82 -1
0 83 -1
0 84 -1
0 85 -1
1 0 -1
1 1 86
1 2 85
1 3 85
1 4 85
1 5 85
1 6 85
1 7 85
1 8 85
1 9 85
1 10 85
1 11 85
1 12 85
1 13 85
1 14 85
1 15 85
1 16 85
1 17 85
1 18 85
1 19 85
1 20 85
1 21 85
1 22 85
1 23 85
1 24 85
1 25 85
1 26 85
1 27 85
1 28 85
1 29 85
1 30 85
1 31 85
1 32 85
1 33 85
1 34 85
1 35 85
1 36 85
1 37 85
1 38 85
1 39 85
1 40 85
1 41 85
1 42 85
1 43 85
1 44 85
1 45 85
1 46 85
1 47 85
1 48 85
1 49 85
1 50 86
1 51 87
1 52 88
1 53 89
1 54 90
1 55 91
1 56 92
1 57 93
1 58 94
1 59 95
1 60 96
1 61 97
1 62 98
1 63 99
1 64 100
1 65 101
1 66 102
1 67 103
1 68 -1
1 69 49
1 70 49
1 71 49
1 72 49
1 73 49
1 74 49
1 75 49
1 76 49
1 77 49
1 78 49
1 79 49
1 80 49
1 81 49
1 82 49
1 83 49
1 84 49
1 85 -1
2 0 -1
2 1 86
2 2 85
2 3 84
2 4 84
2 5 84
2 6 84
2 7 84
2 8 84
2 9 84
2 10 84
2 11 84
2 12 84
2 13 84
2 14 84
2 15 84
2 16 84
2 17 84
2 18 84
2 19 84
2 20 84
2 21 84
2 22 84
2 23 84
2 24 84
2 25 84
2 26 84
2 27 84
2 28 84
2 29 84
2 30 84
2 31 84
2 32 84
2 33 84
2 34 84
2 35 84
2 36 84
2 37 84
2 38 84
2 39 84
2 40 84
2 41 84
2 42 84
2 43 84
2 44 84
2 45 84
2 46 84
2 47 84
2 48 84
2 49 85
2 50 86
2 51 87
2 52 88
2 53 89
2 54 90
2 55 91
2 56 92
2 57 93
2 58 94
2 59 95
2 60 96
2 61 97
2 62 98
2 63 99
2 64 100
2 65 101
2 66 102
2 67 103
2 68 -1
2 69 48
2 70 48
2 71 48
2 72 48
2 73 48
2 74 48
2 75 48
2 76 48
2 77 48
2 78 48
2 79 48
2 80 48
2 81 48
2 82 48
2 83 48
2 84 48
2 85 -1
3 0 -1
3 1 86
3 2 85
3 3 84
3 4 83
3 5 83
3 6 83
3 7 83
3 8 83
3 9 83
3 10 83
3 11 83
3 12 83
3 13 83
3 14 83
3 15 83
3 16 83
3 17 83
3 18 83
3 19 83
3 20 83
3 21 83
3 22 83
3 23 83
3 24 83
3 25 83
3 26 83
3 27 83
3 28 83
3 29 83
3 30 83
3 31 83
3 32 83
3 33 83
3 34 83
3 35 83
3 36 83
3 37 83
3 38 83
3 39 83
3 40 83
3 41 83
3 42 83
3 43 83
3 44 83
3 45 83
3 46 83
3 47 83
3 48 84
3 49 85
3 50 86
3 51 87
3 52 88
3 53 89
3 54 90
3 55 91
3 56 92
3 57 93
3 58 94
3 59 95
3 60 96
3 61 97
3 62 98
3 63 99
3 64 100
3 65 101
3 66 102
3 67 103
3 68 -1
3 69 47
3 70 47
3 71 47
3 72 47
3 73 47
3 74 47
3 75 47
3 76 47
3 77 47
3 78 47
3 79 47
3 80 47
3 81 47
3 82 47
3 83 47
3 84 47
3 85 -1
4 0 -1
4 1 86
4 2 85
4 3 84
4 4 83
4 5 82
4 6 82
4 7 82
4 8 82
4 9 82
4 10 82
4 11 82
4 12 82
4 13 82
4 14 82
4 15 82
4 16 82
4 17 82
4 18 82
4 19 82
4 20 82
4 21 82
4 22 82
4 23 82
4 24 82
4 25 82
4 26 82
4 27 82
4 28 82
4 29 82
4 30 82
4 31 82
4 32 82
4 33 82
4 34 82
4 35 82
4 36 82
4 37 82
4 38 82
4 39 82
4 40 82
4 41 82
4 42 82
4 43 82
4 44 82
4 45 82
4 46 82
4 47 83
4 48 84
4 49 85
4 50 86
4 51 87
4 52 88
4 53 89
4 54 90
4 55 91
4 56 92
4 57 93
4 58 94
4 59 95
4 60 96
4 61 97
4 62 98
4 63 99
4 64 100
4 65 101
4 66 102
4 67 103
4 68 -1
4 69 46
4 70 46
4 71 46
4 72 46
4 73 46
4 74 46
4 75 46
4 76 46
4 77 46
4 78 46
4 79 46
4 80 46
4 81 46
4 82 46
4 83 46
4 84 46
4 85 -1
5 0 -1
5 1 86
5 2 85
5 3 84
5 4 83
5 5 82
5 6 81
5 7 81
5 8 81
5 9 81
5 10 81
5 11 81
5 12 81
5 13 81
5 14 81
5 15 81
5 16 81
5 17 81
5 18 81
5 19 81
5 20 81
5 21 81
5 22 81
5 23 81
5 24 81
5 25 81
5 26 81
5 27 81
5 28 81
5 29 81
5 30 81
5 31 81
5 32 81
5 33 81
5 34 81
5 35 81
5 36 81
5 37 81
5 38 81
5 39 81
5 40 81
5 41 81
5 42 81
5 43 81
5 44 81
5 45 81
5 46 82
5 47 83
5 48 84
5 49 85
5 50 86
5 51 87
5 52 88
5 53 89
5 54 90
5 55 91
5 56 92
5 57 93
5 58 94
5 59 95
5 60 96
5 61 97
5 62 98
5 63 99
5 64 100
5 65 101
5 66 102
5 67 103
5 68 -1
5 69 45
5 70 45
5 71 45
5 72 45
5 73 45
5 74 45
5 75 45
5 76 45
5 77 45
5 78 45
5 79 45
5 80 45
5 81 45
5 82 45
5 83 45
5 84 45
5 85 -1
6 0 -1
6 1 86
6 2 85
6 3 84
6 4 83
6 5 82
6 6 81
6 7 80
6 8 80
6 9 80
6 10 80
6 11 80
6 12 80
6 13 80
6 14 80
6 15 80
6 16 80
6 17 80
6 18 80
6 19 80
6 20 80
6 21 80
6 22 80
6 23 80
6 24 80
6 25 80
6 26 80
6 27 80
6 28 80
6 29 80
6 30 80
6 31 80
6 32 80
6 33 80
6 34 80
6 35 80
6 36 80
6 37 80
6 38 80
6 39 80
6 40 80
6 41 80
6 42 80
6 43 80
6 44 80
6 45 81
6 46 82
6 47 83
6 48 84
6 49 85
6 50 86
6 51 87
6 52 88
6 53 89
6 54 90
6 55 91
6 56 92
6 57 93
6 58 94
6 59 95
6 60 96
6 61 97
6 62 98
6 63 99
6 64 100
6 65 101
6 66 102
6 67 103
6 68 -1
6 69 44
6 70 44
6 71 44
6 72 44
6 73 44
6 74 44
6 75 44
6 76 44
6 77 44
6 78 44
6 79 44
6 80 44
6 81 44
6 82 44
6 83 44
6 84 44
6 85 -1
7 0 -1
7 1 86
7 2 85
7 3 84
7 4 83
7 5 82
7 6 81
7 7 80
7 8 79
7 9 79
7 10 79
7 11 79
7 12 79
7 13 79
7 14 79
7 15 79
7 16 79
7 17 79
7 18 79
7 19 79
7 20 79
7 21 79
7 22 79
7 23 79
7 24 79
7 25 79
7 26 79
7 27 79
7 28 79
7 29 79
7 30 79
7 31 79
7 32 79
7 33 79
7 34 79
7 35 79
7 36 79
7 37 79
7 38 79
7 39 79
7 40 79
7 41 79
7 42 79
7 43 79
7 44 80
7 45 81
7 46 82
7 47 83
7 48 84
7 49 85
7 50 86
7 51 87
7 52 88
7 53 89
7 54 90
7 55 91
7 56 92
7 57 93
7 58 94
7 59 95
7 60 96
7 61 97
7 62 98
7 63 99
7 64 100
7 65 101
7 66 102
7 67 103
7 68 -1
7 69 43
7 70 43
7 71 43
7 72 43
7 73 43
7 74 43
7 75 43
7 76 43
7 77 43
7 78 43
7 79 43
7 80 43
7 81 43
7 82 43
7 83 43
7 84 43
7 85 -1
8 0 -1
8 1 86
8 2 85
8 3 84
8 4 83
8 5 82
8 6 81
8 7 80
8 8 79
8 9 78
8 10 78
8 11 78
8 12 78
8 13 78
8 14 78
8 15 78
8 16 78
8 17 78
8 18 78
8 19 78
8 20 78
8 21 78
8 22 78
8 23 78
8 24 78
8 25 78
8 26 78
8 27 78
8 28 78
8 29 78
8 30 78
8 31 78
8 32 78
8 33 78
8 34 78
8 35 78
8 36 78
8 37 78
8 38 78
8 39 78
8 40 78
8 41 78
8 42 78
8 43 79
8 44 80
8 45 81
8 46 82
8 47 83
8 48 84
8 49 85
8 50 86
8 51 87
8 52 88
8 53 89
8 54 90
8 55 91
8 56 92
8 57 93
8 58 94
8 59 95
8 60 96
8 61 97
8 62 98
8 63 99
8 64 100
8 65 101
8 66 102
8 67 103
8 68 -1
8 69 42
8 70 42
8 71 42
8 72 42
8 73 42
8 74 42
8 75 42
8 76 42
8 77 42
8 78 42
8 79 42
8 80 42
8 81 42
8 82 42
8 83 42
8 84 42
8 85 -1
9 0 -1
9 1 86
9 2 85
9 3 84
9 4 83
9 5 82
9 6 81
9 7 80
9 8 79
9 9 78
9 10 77
9 11 77
9 12 77
9 13 77
9 14 77
9 15 77
9 16 77
9 17 77
9 18 77
9 19 77
9 20 77
9 21 77
9 22 77
9 23 77
9 24 77
9 25 77
9 26 77
9 27 77
9 28 77
9 29 77
9 30 77
9 31 77
9 32 77
9 33 77
9 34 77
9 35 77
9 36 77
9 37 77
9 38 77
9 39 77
9 40 77
9 41 77
9 42 78
9 43 79
9 44 80
9 45 81
9 46 82
9 47 83
9 48 84
9 49 85
9 50 86
9 51 87
9 52 88
9 53 89
9 54 90
9 55 91
9 56 92
9 57 93
9 58 94
9 59 95
9 60 96
9 61 97
9 62 98
9 63 99
9 64 100
9 65 101
9 66 102
9 67 103
9 68 -1
9 69 41
9 70 41
9 71 41
9 72 41
9 73 41
9 74 41
9 75 41
9 76 41
9 77 41
9 78 41
9 79 41
9 80 41
9 81 41
9 82 41
9 83 41
9 84 41
9 85 -1
10 0 -1
10 1 86
10 2 85
10 3 84
10 4 83
10 5 82
10 6 81
10 7 80
10 8 79
10 9 78
10 10 77
10 11 76
10 12 76
10 13 76
10 14 76
10 15 76
10 16 76
10 17 76
10 18 76
10 19 76
10 20 76
10 21 76
10 22 76
10 23 76
10 24 76
10 25 76
10 26 76
10 27 76
10 28 76
10 29 76
10 30 76
10 31 76
10 32 76
10 33 76
10 34 76
10 35 76
10 36 76
10 37 76
10 38 76
10 39 76
10 40 76
10 41 77
10 42 78
10 43 79
10 44 80
10 45 81
10 46 82
10 47 83
10 48 84
10 49 85
10 50 86
10 51 87
10 52 88
10 53 89
10 54 90
10 55 91
10 56 92
10 57 93
10 58 94
10 59 95
10 60 96
10 61 97
10 62 98
10 63 99
10 64 100
10 65 101
10 66 102
10 67 103
10 68 -1
10 69 40
10 70 40
10 71 40
10 72 40
10 73 40
10 74 40
10 75 40
10 76 40
10 77 40
10 78 40
10 79 40
10 80 40
10 81 40
10 82 40
10 83 40
10 84 40
10 85 -1
11 0 -1
11 1 86
11 2 85
11 3 84
11 4 83
11 5 82
11 6 81
11 7 80
11 8 79
11 9 78
11 10 77
11 11 76
11 12 75
11 13 75
11 14 75
11 15 75
11 16 75
11 17 75
11 18 75
11 19 75
11 20 75
11 21 75
11 22 75
11 23 75
11 24 75
11 25 75
11 26 75
11 27 75
11 28 75
11 29 75
11 30 75
11 31 75
11 32 75
11 33 75
11 34 75
11 35 75
11 36 75
11 37 75
11 38 75
11 39 75
11 40 76
11 41 77
11 42 78
11 43 79
11 44 80
11 45 81
11 46 82
11 47 83
11 48 84
11 49 85
11 50 86
11 51 87
11 52 88
11 53 89
11 54 90
11 55 91
11 56 92
11 57 93
11 58 94
11 59 95
11 60 96
11 61 97
11 62 98
11 63 99
11 64 100
11 65 101
11 66 102
11 67 103
11 68 -1
11 69 39
11 70 39
11 71 39
11 72 39
11 73 39
11 74 39
11 75 39
11 76 39
11 77 39
11 78 39
11 79 39
11 80 39
11 81 39
11 82 39
11 83 39
11 84 39
11 85 -1
12 0 -1
12 1 86
12 2 85
12 3 84
12 4 83
12 5 82
12 6 81
12 7 80
12 8 79
12 9 78
12 10 77
12 11 76
12 12 75
12 13 74
12 14 74
12 15 74
12 16 74
12 17 74
12 18 74
12 19 74
12 20 74
12 21 74
12 22 74
12 23 74
12 24 74
12 25 74
12 26 74
12 27 74
12 28 74
12 29 74
12 30 74
12 31 74
12 32 74
12 33 74
12 34 74
12 35 74
12 36 74
12 37 74
12 38 74
12 39 75
12 40 76
12 41 77
12 42 78
12 43 79
12 44 80
12 45 81
12 46 82
12 47 83
12 48 84
12 49 85
12 50 86
12 51 87
12 52 88
12 53 89
12 54 90
12 55 91
12 56 92
12 57 93
12 58 94
12 59 95
12 60 96
12 61 97
12 62 98
12 63 99
12 64 100
12 65 101
12 66 102
12 67 103
12 68 -1
12 69 38
12 70 38
12 71 38
12 72 38
12 73 38
12 74 38
12 75 38
12 76 38
12 77 38
12 78 38
12 79 38
12 80 38
12 81 38
12 82 38
12 83 38
12 84 38
12 85 -1
13 0 -1
13 1 86
13 2 85
13 3 84
13 4 83
13 5 82
13 6 81
13 7 80
13 8 79
13 9 78
13 10 77
13 11 76
13 12 75
13 13 74
13 14 73
13 15 73
13 16 73
13 17 73
13 18 73
13 19 73
13 20 73
13 21 73
13 22 73
13 23 73
13 24 73
13 25 73
13 26 73
13 27 73
13 28 73
13 29 73
13 30 73
13 31 73
13 32 73
13 33 73
13 34 73
13 35 73
13 36 73
13 37 73
13 38 74
13 39 75
13 40 76
13 41 77
13 42 78
13 43 79
13 44 80
13 45 81
13 46 82
13 47 83
13 48 84
13 49 85
13 50 86
13 51 87
13 52 88
13 53 89
13 54 90
13 55 91
13 56 92
13 57 93
13 58 94
13 59 95
13 60 96
13 61 97
13 62 98
13 63 99
13 64 100
13 65 101
13 66 102
13 67 103
13 68 -1
13 69 37
13 70 37
13 71 37
13 72 37
13 73 37
13 74 37
13 75 37
13 76 37
13 77 37
13 78 37
13 79 37
13 80 37
13 81 37
13 82 37
13 83 37
13 84 37
13 85 -1
14 0 -1
14 1 86
14 2 85
14 3 84
14 4 83
14 5 82
14 6 81
14 7 80
14 8 79
14 9 78
14 10 77
14 11 76
14 12 75
14 13 74
14 14 73
14 15 72
14 16 72
14 17 72
14 18 72
14 19 72
14 20 72
14 21 72
14 22 72
14 23 72
14 24 72
14 25 72
14 26 72
14 27 72
14 28 72
14 29 72
14 30 72
14 31 72
14 32 72
14 33 72
14 34 72
14 35 72
14 36 72
14 37 73
14 38 74
14 39 75
14 40 76
14 41 77
14 42 78
14 43 79
14 44 80
14 45 81
14 46 82
14 47 83
14 48 84
14 49 85
14 50 86
14 51 87
14 52 88
14 53 89
14 54 90
14 55 91
14 56 92
14 57 93
14 58 94
14 59 95
14 60 96
14 61 97
14 62 98
14 63 99
14 64 100
14 65 101
14 66 102
14 67 103
14 68 -1
14 69 36
14 70 36
14 71 36
14 72 36
14 73 36
14 74 36
14 75 36
14 76 36
14 77 36
14 78 36
14 79 36
14 80 36
14 81 36
14 82 36
14 83 36
14 84 36
14 85 -1
15 0 -1
15 1 86
15 2 85
15 3 84
15 4 83
15 5 82
15 6 81
15 7 80
15 8 79
15 9 78
15 10 77
15 11 76
15 12 75
15 13 74
15 14 73
15 15 72
15 16 71
15 17 71
15 18 71
15 19 71
15 20 71
15 21 71
15 22 71
15 23 71
15 24 71
15 25 71
15 26 71
15 27 71
15 28 71
15 29 71
15 30 71
15 31 71
15 32 71
15 33 71
15 34 71
15 35 71
15 36 72
15 37 73
15 38 74
15 39 75
15 40 76
15 41 77
15 42 78
15 43 79
15 44 80
15 45 81
15 46 82
15 47 83
15 48 84
15 49 85
15 50 86
15 51 87
15 52 88
15 53 89
15 54 90
15 55 91
15 56 92
15 57 93
15 58 94
15 59 95
15 60 96
15 61 97
15 62 98
15 63 99
15 64 100
15 65 101
15 66 102
15 67 103
15 68 -1
15 69 35
15 70 35
15 71 35
15 72 35
15 73 35
15 74 35
15 75 35
15 76 35
15 77 35
15 78 35
15 79 35
15 80 35
15 81 35
15 82 35
15 83 35
15 84 35
15 85 -1
16 0 -1
16 1 86
16 2 85
16 3 84
16 4 83
16 5 82
16 6 81
16 7 80
16 8 79
16 9 78
16 10 77
16 11 76
16 12 75
16 13 74
16 14 73
16 15 72
16 16 71
16 17 70
16 18 70
16 19 70
16 20 70
16 21 70
16 22 70
16 23 70
16 24 70
16 25 70
16 26 70
16 27 70
16 28 70
16 29 70
16 30 70
16 31 70
16 32 70
16 33 70
16 34 70
16 35 71
16 36 72
16 37 73
16 38 74
16 39 75
16 40 76
16 41 77
16 42 78
16 43 79
16 44 80
16 45 81
16 46 82
16 47 83
16 48 84
16 49 85
16 50 86
16 51 87
16 52 88
16 53 89
16 54 90
16 55 91
16 56 92
16 57 93
16 58 94
16 59 95
16 60 96
16 61 97
16 62 98
16 63 99
16 64 100
16 65 101
16 66 102
16 67 103
16 68 -1
16 69 34
16 70 34
16 71 34
16 72 34
16 73 34
16 74 34
16 75 34
16 76 34
16 77 34
16 78 34
16 79 34
16 80 34
16 81 34
16 82 34
16 83 34
16 84 34
16 85 -1
17 0 -1
17 1 -1
17 2 -1
17 3 -1
17 4 -1
17 5 -1
17 6 -1
17 7 -1
17 8 -1
17 9 -1
17 10 -1
17 11 -1
17 12 -1
17 13 -1
17 14 -1
17 15 -1
17 16 -1
17 17 -1
17 18 69
17 19 69
17 20 69
17 21 69
17 22 69
17 23 69
17 24 69
17 25 69
17 26 69
17 27 69
17 28 69
17 29 69
17 30 69
17 31 69
17 32 69
17 33 69
17 34 -1
17 35 -1
17 36 -1
17 37 -1
17 38 -1
17 39 -1
17 40 -1
17 41 -1
17 42 -1
17 43 -1
17 44 -1
17 45 -1
17 46 -1
17 47 -1
17 48 -1
17 49 -1
17 50 -1
17 51 -1
17 52 -1
17 53 -1
17 54 -1
17 55 -1
17 56 -1
17 57 -1
17 58 -1
17 59 -1
17 60 -1
17 61 -1
17 62 -1
17 63 -1
17 64 -1
17 65 -1
17 66 -1
17 67 -1
17 68 -1
17 69 33
17 70 33
17 71 33
17 72 33
17 73 33
17 74 33
17 75 33
17 76 33
17 77 33
17 78 33
17 79 33
17 80 33
17 81 33
17 82 33
17 83 33
17 84 33
17 85 -1
18 0 -1
18 1 104
18 2 104
18 3 104
18 4 104
18 5 104
18 6 104
18 7 104
18 8 104
18 9 104
18 10 104
18 11 104
18 12 104
18 13 104
18 14 104
18 15 104
18 16 104
18 17 -1
18 18 68
18 19 68
18 20 68
18 21 68
18 22 68
18 23 68
18 24 68
18 25 68
18 26 68
18 27 68
18 28 68
18 29 68
18 30 68
18 31 68
18 32 68
18 33 68
18 34 68
18 35 68
18 36 68
18 37 68
18 38 68
18 39 68
18 40 68
18 41 68
18 42 68
18 43 68
18 44 68
18 45 68
18 46 68
18 47 68
18 48 68
18 49 68
18 50 69
18 51 -1
18 52 33
18 53 32
18 54 32
18 55 32
18 56 32
18 57 32
18 58 32
18 59 32
18 60 32
18 61 32
18 62 32
18 63 32
18 64 32
18 65 32
18 66 32
18 67 32
18 68 32
18 69 32
18 70 32
18 71 32
18 72 32
18 73 32
18 74 32
18 75 32
18 76 32
18 77 32
18 78 32
18 79 32
18 80 32
18 81 32
18 82 32
18 83 32
18 84 32
18 85 -1
19 0 -1
19 1 103
19 2 103
19 3 103
19 4 103
19 5 103
19 6 103
19 7 103
19 8 103
19 9 103
19 10 103
19 11 103
19 12 103
19 13 103
19 14 103
19 15 103
19 16 103
19 17 -1
19 18 67
19 19 67
19 20 67
19 21 67
19 22 67
19 23 67
19 24 67
19 25 67
19 26 67
19 27 67
19 28 67
19 29 67
19 30 67
19 31 67
19 32 67
19 33 67
19 34 67
19 35 67
19 36 67
19 37 67
19 38 67
19 39 67
19 40 67
19 41 67
19 42 67
19 43 67
19 44 67
19 45 67
19 46 67
19 47 67
19 48 67
19 49 68
19 50 69
19 51 -1
19 52 33
19 53 32
19 54 31
19 55 31
19 56 31
19 57 31
19 58 31
19 59 31
19 60 31
19 61 31
19 62 31
19 63 31
19 64 31
19 65 31
19 66 31
19 67 31
19 68 31
19 69 31
19 70 31
19 71 31
19 72 31
19 73 31
19 74 31
19 75 31
19 76 31
19 77 31
19 78 31
19 79 31
19 80 31
19 81 31
19 82 31
19 83 31
19 84 31
19 85 -1
20 0 -1
20 1 102
20 2 102
20 3 102
20 4 102
20 5 102
20 6 102
20 7 102
20 8 102
20 9 102
20 10 102
20 11 102
20 12 102
20 13 102
20 14 102
20 15 102
20 16 102
20 17 -1
20 18 67
20 19 66
20 20 66
20 21 66
20 22 66
20 23 66
20 24 66
20 25 66
20 26 66
20 27 66
20 28 66
20 29 66
20 30 66
20 31 66
20 32 66
20 33 66
20 34 66
20 35 66
20 36 66
20 37 66
20 38 66
20 39 66
20 40 66
20 41 66
20 42 66
20 43 66
20 44 66
20 45 66
20 46 66
20 47 66
20 48 67
20 49 68
20 50 69
20 51 -1
20 52 33
20 53 32
20 54 31
20 55 30
20 56 30
20 57 30
20 58 30
20 59 30
20 60 30
20 61 30
20 62 30
20 63 30
20 64 30
20 65 30
20 66 30
20 67 30
20 68 30
20 69 30
20 70 30
20 71 30
20 72 30
20 73 30
20 74 30
20 75 30
20 76 30
20 77 30
20 78 30
20 79 30
20 80 30
20 81 30
20 82 30
20 83 30
20 84 30
20 85 -1
21 0 -1
21 1 101
21 2 101
21 3 101
21 4 101
21 5 101
21 6 101
21 7 101
21 8 101
21 9 101
21 10 101
21 11 101
21 12 101
21 13 101
21 14 101
21 15 101
21 16 101
21 17 -1
21 18 67
21 19 66
21 20 65
21 21 65
21 22 65
21 23 65
21 24 65
21 25 65
21 26 65
21 27 65
21 28 65
21 29 65
21 30 65
21 31 65
21 32 65
21 33 65
21 34 65
21 35 65
21 36 65
21 37 65
21 38 65
21 39 65
21 40 65
21 41 65
21 42 65
21 43 65
21 44 65
21 45 65
21 46 65
21 47 66
21 48 67
21 49 68
21 50 69
21 51 -1
21 52 33
21 53 32
21 54 31
21 55 30
21 56 29
21 57 29
21 58 29
21 59 29
21 60 29
21 61 29
21 62 29
21 63 29
21 64 29
21 65 29
21 66 29
21 67 29
21 68 29
21 69 29
21 70 29
21 71 29
21 72 29
21 73 29
21 74 29
21 75 29
21 76 29
21 77 29
21 78 29
21 79 29
21 80 29
21 81 29
21 82 29
21 83 29
21 84 29
21 85 -1
22 0 -1
22 1 100
22 2 100
22 3 100
22 4 100
22 5 100
22 6 100
22 7 100
22 8 100
22 9 100
22 10 100
22 11 100
22 12 100
22 13 100
22 14 100
22 15 100
22 16 100
22 17 -1
22 18 67
22 19 66
22 20 65
22 21 64
22 22 64
22 23 64
22 24 64
22 25 64
22 26 64
22 27 64
22 28 64
22 29 64
22 30 64
22 31 64
22 32 64
22 33 64
22 34 64
22 35 64
22 36 64
22 37 64
22 38 64
22 39 64
22 40 64
22 41 64
22 42 64
22 43 64
22 44 64
22 45 64
22 46 65
22 47 66
22 48 67
22 49 68
22 50 69
22 51 -1
22 52 33
22 53 32
22 54 31
22 55 30
22 56 29
22 57 28
22 58 28
22 59 28
22 60 28
22 61 28
22 62 28
22 63 28
22 64 28
22 65 28
22 66 28
22 67 28
22 68 28
22 69 28
22 70 28
22 71 28
22 72 28
22 73 28
22 74 28
22 75 28
22 76 28
22 77 28
22 78 28
22 79 28
22 80 28
22 81 28
22 82 28
22 83 28
22 84 28
22 85 -1
23 0 -1
23 1 99
23 2 99
23 3 99
23 4 99
23 5 99
23 6 99
23 7 99
23 8 99
23 9 99
23 10 99
23 11 99
23 12 99
23 13 99
23 14 99
23 15 99
23 16 99
23 17 -1
23 18 67
23 19 66
23 20 65
23 21 64
23 22 63
23 23 63
23 24 63
23 25 63
23 26 63
23 27 63
23 28 63
23 29 63
23 30 63
23 31 63
23 32 63
23 33 63
23 34 63
23 35 63
23 36 63
23 37 63
23 38 63
23 39 63
23 40 63
23 41 63
23 42 63
23 43 63
23 44 63
23 45 64
23 46 65
23 47 66
23 48 67
23 49 68
23 50 69
23 51 -1
23 52 33
23 53 32
23 54 31
23 55 30
23 56 29
23 57 28
23 58 27
23 59 27
23 60 27
23 61 27
23 62 27
23 63 27
23 64 27
23 65 27
23 66 27
23 67 27
23 68 27
23 69 27
23 70 27
23 71 27
23 72 27
23 73 27
23 74 27
23 75 27
23 76 27
23 77 27
23 78 27
23 79 27
23 80 27
23 81 27
23 82 27
23 83 27
23 84 27
23 85 -1
24 0 -1
24 1 98
24 2 98
24 3 98
24 4 98
24 5 98
24 6 98
24 7 98
24 8 98
24 9 98
24 10 98
24 11 98
24 12 98
24 13 98
24 14 98
24 15 98
24 16 98
24 17 -1
24 18 67
24 19 66
24 20 65
24 21 64
24 22 63
24 23 62
24 24 62
24 25 62
24 26 62
24 27 62
24 28 62
24 29 62
24 30 62
24 31 62
24 32 62
24 33 62
24 34 62
24 35 62
24 36 62
24 37 62
24 38 62
24 39 62
24 40 62
24 41 62
24 42 62
24 43 62
24 44 63
24 45 64
24 46 65
24 47 66
24 48 67
24 49 68
24 50 69
24 51 -1
24 52 33
24 53 32
24 54 31
24 55 30
24 56 29
24 57 28
24 58 27
24 59 26
24 60 26
24 61 26
24 62 26
24 63 26
24 64 26
24 65 26
24 66 26
24 67 26
24 68 26
24 69 26
24 70 26
24 71 26
24 72 26
24 73 26
24 74 26
24 75 26
24 76 26
24 77 26
24 78 26
24 79 26
24 80 26
24 81 26
24 82 26
24 83 26
24 84 26
24 85 -1
25 0 -1
25 1 97
25 2 97
25 3 97
25 4 97
25 5 97
25 6 97
25 7 97
25 8 97
25 9 97
25 10 97
25 11 97
25 12 97
25 13 97
25 14 97
25 15 97
25 16 97
25 17 -1
25 18 67
25 19 66
25 20 65
25 21 64
25 22 63
25 23 62
25 24 61
25 25 61
25 26 61
25 27 61
25 28 61
25 29 61
25 30 61
25 31 61
25 32 61
25 33 61
25 34 61
25 35 61
25 36 61
25 37 61
25 38 61
25 39 61
25 40 61
25 41 61
25 42 61
25 43 62
25 44 63
25 45 64
25 46 65
25 47 66
25 48 67
25 49 68
25 50 69
25 51 -1
25 52 33
25 53 32
25 54 31
25 55 30
25 56 29
25 57 28
25 58 27
25 59 26
25 60 25
25 61 25
25 62 25
25 63 25
25 64 25
25 65 25
25 66 25
25 67 25
25 68 25
25 69 25
25 70 25
25 71 25
25 72 25
25 73 25
25 74 25
25 75 25
25 76 25
25 77 25
25 78 25
25 79 25
25 80 25
25 81 25
25 82 25
25 83 25
25 84 25
25 85 -1
26 0 -1
26 1 96
26 2 96
26 3 96
26 4 96
26 5 96
26 6 96
26 7 96
26 8 96
26 9 96
26 10 96
26 11 96
26 12 96
26 13 96
26 14 96
26 15 96
26 16 96
26 17 -1
26 18 67
26 19 66
26 20 65
26 21 64
26 22 63
26 23 62
26 24 61
26 25 60
26 26 60
26 27 60
26 28 60
26 29 60
26 30 60
26 31 60
26 32 60
26 33 60
26 34 60
26 35 60
26 36 60
26 37 60
26 38 60
26 39 60
26 40 60
26 41 60
26 42 61
26 43 62
26 44 63
26 45 64
26 46 65
26 47 66
26 48 67
26 49 68
26 50 69
26 51 -1
26 52 33
26 53 32
26 54 31
26 55 30
26 56 29
26 57 28
26 58 27
26 59 26
26 60 25
26 61 24
26 62 24
26 63 24
26 64 24
26 65 24
26 66 24
26 67 24
26 68 24
26 69 24
26 70 24
26 71 24
26 72 24
26 73 24
26 74 24
26 75 24
26 76 24
26 77 24
26 78 24
26 79 24
26 80 24
26 81 24
26 82 24
26 83 24
26 84 24
26 85 -1
27 0 -1
27 1 95
27 2 95
27 3 95
27 4 95
27 5 95
27 6 95
27 7 95
27 8 95
27 9 95
27 10 95
27 11 95
27 12 95
27 13 95
27 14 95
27 15 95
27 16 95
27 17 -1
27 18 67
27 19 66
27 20 65
27 21 64
27 22 63
27 23 62
27 24 61
27 25 60
27 26 59
27 27 59
27 28 59
27 29 59
27 30 59
27 31 59
27 32 59
27 33 59
27 34 59
27 35 59
27 36 59
27 37 59
27 38 59
27 39 59
27 40 59
27 41 60
27 42 61
27 43 62
27 44 63
27 45 64
27 46 65
27 47 66
27 48 67
27 49 68
27 50 69
27 51 -1
27 52 33
27 53 32
27 54 31
27 55 30
27 56 29
27 57 28
27 58 27
27 59 26
27 60 25
27 61 24
27 62 23
27 63 23
27 64 23
27 65 23
27 66 23
27 67 23
27 68 23
27 69 23
27 70 23
27 71 23
27 72 23
27 73 23
27 74 23
27 75 23
27 76 23
27 77 23
27 78 23
27 79 23
27 80 23
27 81 23
27 82 23
27 83 23
27 84 23
27 85 -1
28 0 -1
28 1 94
28 2 94
28 3 94
28 4 94
28 5 94
28 6 94
28 7 94
28 8 94
28 9 94
28 10 94
28 11 94
28 12 94
28 13 94
28 14 94
28 15 94
28 16 94
28 17 -1
28 18 67
28 19 66
28 20 65
28 21 64
28 22 63
28 23 62
28 24 61
28 25 60
28 26 59
28 27 58
28 28 58
28 29 58
28 30 58
28 31 58
28 32 58
28 33 58
28 34 58
28 35 58
28 36 58
28 37 58
28 38 58
28 39 58
28 40 59
28 41 60
28 42 61
28 43 62
28 44 63
28 45 64
28 46 65
28 47 66
28 48 67
28 49 68
28 50 69
28 51 -1
28 52 33
28 53 32
28 54 31
28 55 30
28 56 29
28 57 28
28 58 27
28 59 26
28 60 25
28 61 24
28 62 23
28 63 22
28 64 22
28 65 22
28 66 22
28 67 22
28 68 22
28 69 22
28 70 22
28 71 22
28 72 22
28 73 22
28 74 22
28 75 22
28 76 22
28 77 22
28 78 22
28 79 22
28 80 22
28 81 22
28 82 22
28 83 22
28 84 22
28 85 -1
29 0 -1
29 1 93
29 2 93
29 3 93
29 4 93
29 5 93
29 6 93
29 7 93
29 8 93
29 9 93
29 10 93
29 11 93
29 12 93
29 13 93
29 14 93
29 15 93
29 16 93
29 17 -1
29 18 67
29 19 66
29 20 65
29 21 64
29 22 63
29 23 62
29 24 61
29 25 60
29 26 59
29 27 58
29 28 57
29 29 57
29 30 57
29 31 57
29 32 57
29 33 57
29 34 57
29 35 57
29 36 57
29 37 57
29 38 57
29 39 58
29 40 59
29 41 60
29 42 61
29 43 62
29 44 63
29 45 64
29 46 65
29 47 66
29 48 67
29 49 68
29 50 69
29 51 -1
29 52 33
29 53 32
29 54 31
29 55 30
29 56 29
29 57 28
29 58 27
29 59 26
29 60 25
29 61 24
29 62 23
29 63 22
29 64 21
29 65 21
29 66 21
29 67 21
29 68 21
29 69 21
29 70 21
29 71 21
29 72 21
29 73 21
29 74 21
29 75 21
29 76 21
29 77 21
29 78 21
29 79 21
29 80 21
29 81 21
29 82 21
29 83 21
29 84 21
29 85 -1
30 0 -1
30 1 92
30 2 92
30 3 92
30 4 92
30 5 92
30 6 92
30 7 92
30 8 92
30 9 92
30 10 92
30 11 92
30 12 92
30 13 92
30 14 92
30 15 92
30 16 92
30 17 -1
30 18 67
30 19 66
30 20 65
30 21 64
30 22 63
30 23 62
30 24 61
30 25 60
30 26 59
30 27 58
30 28 57
30 29 56
30 30 56
30 31 56
30 32 56
30 33 56
30 34 56
30 35 56
30 36 56
30 37 56
30 38 57
30 39 58
30 40 59
30 41 60
30 42 61
30 43 62
30 44 63
30 45 64
30 46 65
30 47 66
30 48 67
30 49 68
30 50 69
30 51 -1
30 52 33
30 53 32
30 54 31
30 55 30
30 56 29
30 57 28
30 58 27
30 59 26
30 60 25
30 61 24
30 62 23
30 63 22
30 64 21
30 65 20
30 66 20
30 67 20
30 68 20
30 69 20
30 70 20
30 71 20
30 72 20
30 73 20
30 74 20
30 75 20
30 76 20
30 77 20
30 78 20
30 79 20
30 80 20
30 81 20
30 82 20
30 83 20
30 84 20
30 85 -1
31 0 -1
31 1 91
31 2 91
31 3 91
31 4 91
31 5 91
31 6 91
31 7 91
31 8 91
31 9 91
31 10 91
31 11 91
31 12 91
31 13 91
31 14 91
31 15 91
31 16 91
31 17 -1
31 18 67
31 19 66
31 20 65
31 21 64
31 22 63
31 23 62
31 24 61
31 25 60
31 26 59
31 27 58
31 28 57
31 29 56
31 30 55
31 31 55
31 32 55
31 33 55
31 34 55
31 35 55
31 36 55
31 37 56
31 38 57
31 39 58
31 40 59
31 41 60
31 42 61
31 43 62
31 44 63
31 45 64
31 46 65
31 47 66
31 48 67
31 49 68
31 50 69
31 51 -1
31 52 33
31 53 32
31 54 31
31 55 30
31 56 29
31 57 28
31 58 27
31 59 26
31 60 25
31 61 24
31 62 23
31 63 22
31 64 21
31 65 20
31 66 19
31 67 19
31 68 19
31 69 19
31 70 19
31 71 19
31 72 19
31 73 19
31 74 19
31 75 19
31 76 19
31 77 19
31 78 19
31 79 19
31 80 19
31 81 19
31 82 19
31 83 19
31 84 19
31 85 -1
32 0 -1
32 1 90
32 2 90
32 3 90
32 4 90
32 5 90
32 6 90
32 7 90
32 8 90
32 9 90
32 10 90
32 11 90
32 12 90
32 13 90
32 14 90
32 15 90
32 16 90
32 17 -1
32 18 67
32 19 66
32 20 65
32 21 64
32 22 63
32 23 62
32 24 61
32 25 60
32 26 59
32 27 58
32 28 57
32 29 56
32 30 55
32 31 54
32 32 54
32 33 54
32 34 54
32 35 54
32 36 55
32 37 56
32 38 57
32 39 58
32 40 59
32 41 60
32 42 61
32 43 62
32 44 63
32 45 64
32 46 65
32 47 66
32 48 67
32 49 68
32 50 69
32 51 -1
32 52 33
32 53 32
32 54 31
32 55 30
32 56 29
32 57 28
32 58 27
32 59 26
32 60 25
32 61 24
32 62 23
32 63 22
32 64 21
32 65 20
32 66 19
32 67 18
32 68 18
32 69 18
32 70 18
32 71 18
32 72 18
32 73 18
32 74 18
32 75 18
32 76 18
32 77 18
32 78 18
32 79 18
32 80 18
32 81 18
32 82 18
32 83 18
32 84 18
32 85 -1
33 0 -1
33 1 89
33 2 89
33 3 89
33 4 89
33 5 89
33 6 89
33 7 89
33 8 89
33 9 89
33 10 89
33 11 89
33 12 89
33 13 89
33 14 89
33 15 89
33 16 89
33 17 -1
33 18 67
33 19 66
33 20 65
33 21 64
33 22 63
33 23 62
33 24 61
33 25 60
33 26 59
33 27 58
33 28 57
33 29 56
33 30 55
33 31 54
33 32 53
33 33 53
33 34 53
33 35 54
33 36 55
33 37 56
33 38 57
33 39 58
33 40 59
33 41 60
33 42 61
33 43 62
33 44 63
33 45 64
33 46 65
33 47 66
33 48 67
33 49 68
33 50 69
33 51 -1
33 52 33
33 53 32
33 54 31
33 55 30
33 56 29
33 57 28
33 58 27
33 59 26
33 60 25
33 61 24
33 62 23
33 63 22
33 64 21
33 65 20
33 66 19
33 67 18
33 68 17
33 69 17
33 70 17
33 71 17
33 72 17
33 73 17
33 74 17
33 75 17
33 76 17
33 77 17
33 78 17
33 79 17
33 80 17
33 81 17
33 82 17
33 83 17
33 84 17
33 85 -1
34 0 -1
34 1 88
34 2 88
34 3 88
34 4 88
34 5 88
34 6 88
34 7 88
34 8 88
34 9 88
34 10 88
34 11 88
34 12 88
34 13 88
34 14 88
34 15 88
34 16 88
34 17 -1
34 18 67
34 19 66
34 20 65
34 21 64
34 22 63
34 23 62
34 24 61
34 25 60
34 26 59
34 27 58
34 28 57
34 29 56
34 30 55
34 31 54
34 32 53
34 33 52
34 34 -1
34 35 -1
34 36 -1
34 37 -1
34 38 -1
34 39 -1
34 40 -1
34 41 -1
34 42 -1
34 43 -1
34 44 -1
34 45 -1
34 46 -1
34 47 -1
34 48 -1
34 49 -1
34 50 -1
34 51 -1
34 52 33
34 53 32
34 54 31
34 55 30
34 56 29
34 57 28
34 58 27
34 59 26
34 60 25
34 61 24
34 62 23
34 63 22
34 64 21
34 65 20
34 66 19
34 67 18
34 68 -1
34 69 16
34 70 16
34 71 16
34 72 16
34 73 16
34 74 16
34 75 16
34 76 16
34 77 16
34 78 16
34 79 16
34 80 16
34 81 16
34 82 16
34 83 16
34 84 16
34 85 -1
35 0 -1
35 1 87
35 2 87
35 3 87
35 4 87
35 5 87
35 6 87
35 7 87
35 8 87
35 9 87
35 10 87
35 11 87
35 12 87
35 13 87
35 14 87
35 15 87
35 16 87
35 17 -1
35 18 67
35 19 66
35 20 65
35 21 64
35 22 63
35 23 62
35 24 61
35 25 60
35 26 59
35 27 58
35 28 57
35 29 56
35 30 55
35 31 54
35 32 53
35 33 52
35 34 51
35 35 50
35 36 49
35 37 48
35 38 47
35 39 46
35 40 45
35 41 44
35 42 43
35 43 42
35 44 41
35 45 40
35 46 39
35 47 38
35 48 37
35 49 36
35 50 35
35 51 34
35 52 33
35 53 32
35 54 31
35 55 30
35 56 29
35 57 28
35 58 27
35 59 26
35 60 25
35 61 24
35 62 23
35 63 22
35 64 21
35 65 20
35 66 19
35 67 19
35 68 -1
35 69 15
35 70 15
35 71 15
35 72 15
35 73 15
35 74 15
35 75 15
35 76 15
35 77 15
35 78 15
35 79 15
35 80 15
35 81 15
35 82 15
35 83 15
35 84 15
35 85 -1
36 0 -1
36 1 86
36 2 86
36 3 86
36 4 86
36 5 86
36 6 86
36 7 86
36 8 86
36 9 86
36 10 86
36 11 86
36 12 86
36 13 86
36 14 86
36 15 86
36 16 86
36 17 -1
36 18 67
36 19 66
36 20 65
36 21 64
36 22 63
36 23 62
36 24 61
36 25 60
36 26 59
36 27 58
36 28 57
36 29 56
36 30 55
36 31 54
36 32 53
36 33 52
36 34 51
36 35 50
36 36 49
36 37 48
36 38 47
36 39 46
36 40 45
36 41 44
36 42 43
36 43 42
36 44 41
36 45 40
36 46 39
36 47 38
36 48 37
36 49 36
36 50 35
36 51 34
36 52 33
36 53 32
36 54 31
36 55 30
36 56 29
36 57 28
36 58 27
36 59 26
36 60 25
36 61 24
36 62 23
36 63 22
36 64 21
36 65 20
36 66 20
36 67 20
36 68 -1
36 69 14
36 70 14
36 71 14
36 72 14
36 73 14
36 74 14
36 75 14
36 76 14
36 77 14
36 78 14
36 79 14
36 80 14
36 81 14
36 82 14
36 83 14
36 84 14
36 85 -1
37 0 -1
37 1 86
37 2 85
37 3 85
37 4 85
37 5 85
37 6 85
37 7 85
37 8 85
37 9 85
37 10 85
37 11 85
37 12 85
37 13 85
37 14 85
37 15 85
37 16 85
37 17 -1
37 18 67
37 19 66
37 20 65
37 21 64
37 22 63
37 23 62
37 24 61
37 25 60
37 26 59
37 27 58
37 28 57
37 29 56
37 30 55
37 31 54
37 32 53
37 33 52
37 34 51
37 35 50
37 36 49
37 37 48
37 38 47
37 39 46
37 40 45
37 41 44
37 42 43
37 43 42
37 44 41
37 45 40
37 46 39
37 47 38
37 48 37
37 49 36
37 50 35
37 51 34
37 52 33
37 53 32
37 54 31
37 55 30
37 56 29
37 57 28
37 58 27
37 59 26
37 60 25
37 61 24
37 62 23
37 63 22
37 64 21
37 65 21
37 66 21
37 67 21
37 68 -1
37 69 13
37 70 13
37 71 13
37 72 13
37 73 13
37 74 13
37 75 13
37 76 13
37 77 13
37 78 13
37 79 13
37 80 13
37 81 13
37 82 13
37 83 13
37 84 13
37 85 -1
38 0 -1
38 1 86
38 2 85
38 3 84
38 4 84
38 5 84
38 6 84
38 7 84
38 8 84
38 9 84
38 10 84
38 11 84
38 12 84
38 13 84
38 14 84
38 15 84
38 16 84
38 17 -1
38 18 67
38 19 66
38 20 65
38 21 64
38 22 63
38 23 62
38 24 61
38 25 60
38 26 59
38 27 58
38 28 57
38 29 56
38 30 55
38 31 54
38 32 53
38 33 52
38 34 51
38 35 50
38 36 49
38 37 48
38 38 47
38 39 46
38 40 45
38 41 44
38 42 43
38 43 42
38 44 41
38 45 40
38 46 39
38 47 38
38 48 37
38 49 36
38 50 35
38 51 34
38 52 33
38 53 32
38 54 31
38 55 30
38 56 29
38 57 28
38 58 27
38 59 26
38 60 25
38 61 24
38 62 23
38 63 22
38 64 22
38 65 22
38 66 22
38 67 22
38 68 -1
38 69 12
38 70 12
38 71 12
38 72 12
38 73 12
38 74 12
38 75 12
38 76 12
38 77 12
38 78 12
38 79 12
38 80 12
38 81 12
38 82 12
38 83 12
38 84 12
38 85 -1
39 0 -1
39 1 86
39 2 85
39 3 84
39 4 83
39 5 83
39 6 83
39 7 83
39 8 83
39 9 83
39 10 83
39 11 83
39 12 83
39 13 83
39 14 83
39 15 83
39 16 83
39 17 -1
39 18 67
39 19 66
39 20 65
39 21 64
39 22 63
39 23 62
39 24 61
39 25 60
39 26 59
39 27 58
39 28 57
39 29 56
39 30 55
39 31 54
39 32 53
39 33 52
39 34 51
39 35 50
39 36 49
39 37 48
39 38 47
39 39 46
39 40 45
39 41 44
39 42 43
39 43 42
39 44 41
39 45 40
39 46 39
39 47 38
39 48 37
39 49 36
39 50 35
39 51 34
39 52 33
39 53 32
39 54 31
39 55 30
39 56 29
39 57 28
39 58 27
39 59 26
39 60 25
39 61 24
39 62 23
39 63 23
39 64 23
39 65 23
39 66 23
39 67 23
39 68 -1
39 69 11
39 70 11
39 71 11
39 72 11
39 73 11
39 74 11
39 75 11
39 76 11
39 77 11
39 78 11
39 79 11
39 80 11
39 81 11
39 82 11
39 83 11
39 84 11
39 85 -1
40 0 -1
40 1 86
40 2 85
40 3 84
40 4 83
40 5 82
40 6 82
40 7 82
40 8 82
40 9 82
40 10 82
40 11 82
40 12 82
40 13 82
40 14 82
40 15 82
40 16 82
40 17 -1
40 18 67
40 19 66
40 20 65
40 21 64
40 22 63
40 23 62
40 24 61
40 25 60
40 26 59
40 27 58
40 28 57
40 29 56
40 30 55
40 31 54
40 32 53
40 33 52
40 34 51
40 35 50
40 36 49
40 37 48
40 38 47
40 39 46
40 40 45
40 41 44
40 42 43
40 43 42
40 44 41
40 45 40
40 46 39
40 47 38
40 48 37
40 49 36
40 50 35
40 51 34
40 52 33
40 53 32
40 54 31
40 55 30
40 56 29
40 57 28
40 58 27
40 59 26
40 60 25
40 61 24
40 62 24
40 63 24
40 64 24
40 65 24
40 66 24
40 67 24
40 68 -1
40 69 10
40 70 10
40 71 10
40 72 10
40 73 10
40 74 10
40 75 10
40 76 10
40 77 10
40 78 10
40 79 10
40 80 10
40 81 10
40 82 10
40 83 10
40 84 10
40 85 -1
41 0 -1
41 1 86
41 2 85
41 3 84
41 4 83
41 5 82
41 6 81
41 7 81
41 8 81
41 9 81
41 10 81
41 11 81
41 12 81
41 13 81
41 14 81
41 15 81
41 16 81
41 17 -1
41 18 67
41 19 66
41 20 65
41 21 64
41 22 63
41 23 62
41 24 61
41 25 60
41 26 59
41 27 58
41 28 57
41 29 56
41 30 55
41 31 54
41 32 53
41 33 52
41 34 51
41 35 50
41 36 49
41 37 48
41 38 47
41 39 46
41 40 45
41 41 44
41 42 43
41 43 42
41 44 41
41 45 40
41 46 39
41 47 38
41 48 37
41 49 36
41 50 35
41 51 34
41 52 33
41 53 32
41 54 31
41 55 30
41 56 29
41 57 28
41 58 27
41 59 26
41 60 25
41 61 25
41 62 25
41 63 25
41 64 25
41 65 25
41 66 25
41 67 25
41 68 -1
41 69 9
41 70 9
41 71 9
41 72 9
41 73 9
41 74 9
41 75 9
41 76 9
41 77 9
41 78 9
41 79 9
41 80 9
41 81 9
41 82 9
41 83 9
41 84 9
41 85 -1
42 0 -1
42 1 86
42 2 85
42 3 84
42 4 83
42 5 82
42 6 81
42 7 80
42 8 80
42 9 80
42 10 80
42 11 80
42 12 80
42 13 80
42 14 80
42 15 80
42 16 80
42 17 -1
42 18 67
42 19 66
42 20 65
42 21 64
42 22 63
42 23 62
42 24 61
42 25 60
42 26 59
42 27 58
42 28 57
42 29 56
42 30 55
42 31 54
42 32 53
42 33 52
42 34 51
42 35 50
42 36 49
42 37 48
42 38 47
42 39 46
42 40 45
42 41 44
42 42 43
42 43 42
42 44 41
42 45 40
42 46 39
42 47 38
42 48 37
42 49 36
42 50 35
42 51 34
42 52 33
42 53 32
42 54 31
42 55 30
42 56 29
42 57 28
42 58 27
42 59 26
42 60 26
42 61 26
42 62 26
42 63 26
42 64 26
42 65 26
42 66 26
42 67 26
42 68 -1
42 69 8
42 70 8
42 71 8
42 72 8
42 73 8
42 74 8
42 75 8
42 76 8
42 77 8
42 78 8
42 79 8
42 80 8
42 81 8
42 82 8
42 83 8
42 84 8
42 85 -1
43 0 -1
43 1 86
43 2 85
43 3 84
43 4 83
43 5 82
43 6 81
43 7 80
43 8 79
43 9 79
43 10 79
43 11 79
43 12 79
43 13 79
43 14 79
43 15 79
43 16 79
43 17 -1
43 18 67
43 19 66
43 20 65
43 21 64
43 22 63
43 23 62
43 24 61
43 25 60
43 26 59
43 27 58
43 28 57
43 29 56
43 30 55
43 31 54
43 32 53
43 33 52
43 34 51
43 35 50
43 36 49
43 37 48
43 38 47
43 39 46
43 40 45
43 41 44
43 42 43
43 43 42
43 44 41
43 45 40
43 46 39
43 47 38
43 48 37
43 49 36
43 50 35
43 51 34
43 52 33
43 53 32
43 54 31
43 55 30
43 56 29
43 57 28
43 58 27
43 59 27
43 60 27
43 61 27
43 62 27
43 63 27
43 64 27
43 65 27
43 66 27
43 67 27
43 68 -1
43 69 7
43 70 7
43 71 7
43 72 7
43 73 7
43 74 7
43 75 7
43 76 7
43 77 7
43 78 7
43 79 7
43 80 7
43 81 7
43 82 7
43 83 7
43 84 7
43 85 -1
44 0 -1
44 1 86
44 2 85
44 3 84
44 4 83
44 5 82
44 6 81
44 7 80
44 8 79
44 9 78
44 10 78
44 11 78
44 12 78
44 13 78
44 14 78
44 15 78
44 16 78
44 17 -1
44 18 67
44 19 66
44 20 65
44 21 64
44 22 63
44 23 62
44 24 61
44 25 60
44 26 59
44 27 58
44 28 57
44 29 56
44 30 55
44 31 54
44 32 53
44 33 52
44 34 51
44 35 50
44 36 49
44 37 48
44 38 47
44 39 46
44 40 45
44 41 44
44 42 43
44 43 42
44 44 41
44 45 40
44 46 39
44 47 38
44 48 37
44 49 36
44 50 35
44 51 34
44 52 33
44 53 32
44 54 31
44 55 30
44 56 29
44 57 28
44 58 28
44 59 28
44 60 28
44 61 28
44 62 28
44 63 28
44 64 28
44 65 28
44 66 28
44 67 28
44 68 -1
44 69 6
44 70 6
44 71 6
44 72 6
44 73 6
44 74 6
44 75 6
44 76 6
44 77 6
44 78 6
44 79 6
44 80 6
44 81 6
44 82 6
44 83 6
44 84 6
44 85 -1
45 0 -1
45 1 86
45 2 85
45 3 84
45 4 83
45 5 82
45 6 81
45 7 80
45 8 79
45 9 78
45 10 77
45 11 77
45 12 77
45 13 77
45 14 77
45 15 77
45 16 77
45 17 -1
45 18 67
45 19 66
45 20 65
45 21 64
45 22 63
45 23 62
45 24 61
45 25 60
45 26 59
45 27 58
45 28 57
45 29 56
45 30 55
45 31 54
45 32 53
45 33 52
45 34 51
45 35 50
45 36 49
45 37 48
45 38 47
45 39 46
45 40 45
45 41 44
45 42 43
45 43 42
45 44 41
45 45 40
45 46 39
45 47 38
45 48 37
45 49 36
45 50 35
45 51 34
45 52 33
45 53 32
45 54 31
45 55 30
45 56 29
45 57 29
45 58 29
45 59 29
45 60 29
45 61 29
45 62 29
45 63 29
45 64 29
45 65 29
45 66 29
45 67 29
45 68 -1
45 69 5
45 70 5
45 71 5
45 72 5
45 73 5
45 74 5
45 75 5
45 76 5
45 77 5
45 78 5
45 79 5
45 80 5
45 81 5
45 82 5
45 83 5
45 84 5
45 85 -1
46 0 -1
46 1 86
46 2 85
46 3 84
46 4 83
46 5 82
46 6 81
46 7 80
46 8 79
46 9 78
46 10 77
46 11 76
46 12 76
46 13 76
46 14 76
46 15 76
46 16 76
46 17 -1
46 18 67
46 19 66
46 20 65
46 21 64
46 22 63
46 23 62
46 24 61
46 25 60
46 26 59
46 27 58
46 28 57
46 29 56
46 30 55
46 31 54
46 32 53
46 33 52
46 34 51
46 35 50
46 36 49
46 37 48
46 38 47
46 39 46
46 40 45
46 41 44
46 42 43
46 43 42
46 44 41
46 45 40
46 46 39
46 47 38
46 48 37
46 49 36
46 50 35
46 51 34
46 52 33
46 53 32
46 54 31
46 55 30
46 56 30
46 57 30
46 58 30
46 59 30
46 60 30
46 61 30
46 62 30
46 63 30
46 64 30
46 65 30
46 66 30
46 67 30
46 68 -1
46 69 4
46 70 4
46 71 4
46 72 4
46 73 4
46 74 4
46 75 4
46 76 4
46 77 4
46 78 4
46 79 4
46 80 4
46 81 4
46 82 4
46 83 4
46 84 4
46 85 -1
47 0 -1
47 1 86
47 2 85
47 3 84
47 4 83
47 5 82
47 6 81
47 7 80
47 8 79
47 9 78
47 10 77
47 11 76
47 12 75
47 13 75
47 14 75
47 15 75
47 16 75
47 17 -1
47 18 67
47 19 66
47 20 65
47 21 64
47 22 63
47 23 62
47 24 61
47 25 60
47 26 59
47 27 58
47 28 57
47 29 56
47 30 55
47 31 54
47 32 53
47 33 52
47 34 51
47 35 50
47 36 49
47 37 48
47 38 47
47 39 46
47 40 45
47 41 44
47 42 43
47 43 42
47 44 41
47 45 40
47 46 39
47 47 38
47 48 37
47 49 36
47 50 35
47 51 34
47 52 33
47 53 32
47 54 31
47 55 31
47 56 31
47 57 31
47 58 31
47 59 31
47 60 31
47 61 31
47 62 31
47 63 31
47 64 31
47 65 31
47 66 31
47 67 31
47 68 -1
47 69 3
47 70 3
47 71 3
47 72 3
47 73 3
47 74 3
47 75 3
47 76 3
47 77 3
47 78 3
47 79 3
47 80 3
47 81 3
47 82 3
47 83 3
47 84 3
47 85 -1
48 0 -1
48 1 86
48 2 85
48 3 84
48 4 83
48 5 82
48 6 81
48 7 80
48 8 79
48 9 78
48 10 77
48 11 76
48 12 75
48 13 74
48 14 74
48 15 74
48 16 74
48 17 -1
48 18 67
48 19 66
48 20 65
48 21 64
48 22 63
48 23 62
48 24 61
48 25 60
48 26 59
48 27 58
48 28 57
48 29 56
48 30 55
48 31 54
48 32 53
48 33 52
48 34 51
48 35 50
48 36 49
48 37 48
48 38 47
48 39 46
48 40 45
48 41 44
48 42 43
48 43 42
48 44 41
48 45 40
48 46 39
48 47 38
48 48 37
48 49 36
48 50 35
48 51 34
48 52 33
48 53 32
48 54 32
48 55 32
48 56 32
48 57 32
48 58 32
48 59 32
48 60 32
48 61 32
48 62 32
48 63 32
48 64 32
48 65 32
48 66 32
48 67 32
48 68 -1
48 69 2
48 70 2
48 71 2
48 72 2
48 73 2
48 74 2
48 75 2
48 76 2
48 77 2
48 78 2
48 79 2
48 80 2
48 81 2
48 82 2
48 83 2
48 84 2
48 85 -1
49 0 -1
49 1 86
49 2 85
49 3 84
49 4 83
49 5 82
49 6 81
49 7 80
49 8 79
49 9 78
49 10 77
49 11 76
49 12 75
49 13 74
49 14 73
49 15 73
49 16 73
49 17 -1
49 18 67
49 19 66
49 20 65
49 21 64
49 22 63
49 23 62
49 24 61
49 25 60
49 26 59
49 27 58
49 28 57
49 29 56
49 30 55
49 31 54
49 32 53
49 33 52
49 34 51
49 35 50
49 36 49
49 37 48
49 38 47
49 39 46
49 40 45
49 41 44
49 42 43
49 43 42
49 44 41
49 45 40
49 46 39
49 47 38
49 48 37
49 49 36
49 50 35
49 51 34
49 52 33
49 53 33
49 54 33
49 55 33
49 56 33
49 57 33
49 58 33
49 59 33
49 60 33
49 61 33
49 62 33
49 63 33
49 64 33
49 65 33
49 66 33
49 67 33
49 68 -1
49 69 1
49 70 1
49 71 1
49 72 1
49 73 1
49 74 1
49 75 1
49 76 1
49 77 1
49 78 1
49 79 1
49 80 1
49 81 1
49 82 1
49 83 1
49 84 1
49 85 -1
50 0 -1
50 1 86
50 2 85
50 3 84
50 4 83
50 5 82
50 6 81
50 7 80
50 8 79
50 9 78
50 10 77
50 11 76
50 12 75
50 13 74
50 14 73
50 15 72
50 16 72
50 17 -1
50 18 67
50 19 66
50 20 65
50 21 64
50 22 63
50 23 62
50 24 61
50 25 60
50 26 59
50 27 58
50 28 57
50 29 56
50 30 55
50 31 54
50 32 53
50 33 52
50 34 51
50 35 50
50 36 49
50 37 48
50 38 47
50 39 46
50 40 45
50 41 44
50 42 43
50 43 42
50 44 41
50 45 40
50 46 39
50 47 38
50 48 37
50 49 36
50 50 35
50 51 34
50 52 34
50 53 34
50 54 34
50 55 34
50 56 34
50 57 34
50 58 34
50 59 34
50 60 34
50 61 34
50 62 34
50 63 34
50 64 34
50 65 34
50 66 34
50 67 34
50 68 -1
50 69 0
50 70 0
50 71 0
50 72 0
50 73 0
50 74 0
50 75 0
50 76 0
50 77 0
50 78 0
50 79 0
50 80 0
50 81 0
50 82 0
50 83 0
50 84 0
50 85 -1
51 0 -1
51 1 86
51 2 85
51 3 84
51 4 83
51 5 82
51 6 81
51 7 80
51 8 79
51 9 78
51 10 77
51 11 76
51 12 75
51 13 74
51 14 73
51 15 72
51 16 71
51 17 -1
51 18 -1
51 19 -1
51 20 -1
51 21 -1
51 22 -1
51 23 -1
51 24 -1
51 25 -1
51 26 -1
51 27 -1
51 28 -1
51 29 -1
51 30 -1
51 31 -1
51 32 -1
51 33 -1
51 34 -1
51 35 -1
51 36 -1
51 37 -1
51 38 -1
51 39 -1
51 40 -1
51 41 -1
51 42 -1
51 43 -1
51 44 -1
51 45 -1
51 46 -1
51 47 -1
51 48 -1
51 49 -1
51 50 -1
51 51 -1
51 52 35
51 53 35
51 54 35
51 55 35
51 56 35
51 57 35
51 58 35
51 59 35
51 60 35
51 61 35
51 62 35
51 63 35
51 64 35
51 65 35
51 66 35
51 67 35
51 68 -1
51 69 -1
51 70 -1
51 71 -1
51 72 -1
51 73 -1
51 74 -1
51 75 -1
51 76 -1
51 77 -1
51 78 -1
51 79 -1
51 80 -1
51 81 -1
51 82 -1
51 83 -1
51 84 -1
51 85 -1
52 0 -1
52 1 86
52 2 85
52 3 84
52 4 83
52 5 82
52 6 81
52 7 80
52 8 79
52 9 78
52 10 77
52 11 76
52 12 75
52 13 74
52 14 73
52 15 72
52 16 71
52 17 70
52 18 69
52 19 68
52 20 67
52 21 66
52 22 65
52 23 64
52 24 63
52 25 62
52 26 61
52 27 60
52 28 59
52 29 58
52 30 57
52 31 56
52 32 55
52 33 54
52 34 53
52 35 52
52 36 51
52 37 50
52 38 49
52 39 48
52 40 47
52 41 46
52 42 45
52 43 44
52 44 43
52 45 42
52 46 41
52 47 40
52 48 39
52 49 38
52 50 37
52 51 36
52 52 36
52 53 36
52 54 36
52 55 36
52 56 36
52 57 36
52 58 36
52 59 36
52 60 36
52 61 36
52 62 36
52 63 36
52 64 36
52 65 36
52 66 36
52 67 36
52 68 -1
52 69 70
52 70 70
52 71 70
52 72 70
52 73 70
52 74 70
52 75 70
52 76 70
52 77 70
52 78 70
52 79 70
52 80 70
52 81 70
52 82 70
52 83 70
52 84 70
52 85 -1
53 0 -1
53 1 86
53 2 85
53 3 84
53 4 83
53 5 82
53 6 81
53 7 80
53 8 79
53 9 78
53 10 77
53 11 76
53 12 75
53 13 74
53 14 73
53 15 72
53 16 71
53 17 70
53 18 69
53 19 68
53 20 67
53 21 66
53 22 65
53 23 64
53 24 63
53 25 62
53 26 61
53 27 60
53 28 59
53 29 58
53 30 57
53 31 56
53 32 55
53 33 54
53 34 53
53 35 52
53 36 51
53 37 50
53 38 49
53 39 48
53 40 47
53 41 46
53 42 45
53 43 44
53 44 43
53 45 42
53 46 41
53 47 40
53 48 39
53 49 38
53 50 37
53 51 37
53 52 37
53 53 37
53 54 37
53 55 37
53 56 37
53 57 37
53 58 37
53 59 37
53 60 37
53 61 37
53 62 37
53 63 37
53 64 37
53 65 37
53 66 37
53 67 37
53 68 -1
53 69 69
53 70 69
53 71 69
53 72 69
53 73 69
53 74 69
53 75 69
53 76 69
53 77 69
53 78 69
53 79 69
53 80 69
53 81 69
53 82 69
53 83 69
53 84 69
53 85 -1
54 0 -1
54 1 86
54 2 85
54 3 84
54 4 83
54 5 82
54 6 81
54 7 80
54 8 79
54 9 78
54 10 77
54 11 76
54 12 75
54 13 74
54 14 73
54 15 72
54 16 71
54 17 70
54 18 69
54 19 68
54 20 67
54 21 66
54 22 65
54 23 64
54 24 63
54 25 62
54 26 61
54 27 60
54 28 59
54 29 58
54 30 57
54 31 56
54 32 55
54 33 54
54 34 53
54 35 52
54 36 51
54 37 50
54 38 49
54 39 48
54 40 47
54 41 46
54 42 45
54 43 44
54 44 43
54 45 42
54 46 41
54 47 40
54 48 39
54 49 38
54 50 38
54 51 38
54 52 38
54 53 38
54 54 38
54 55 38
54 56 38
54 57 38
54 58 38
54 59 38
54 60 38
54 61 38
54 62 38
54 63 38
54 64 38
54 65 38
54 66 38
54 67 38
54 68 -1
54 69 68
54 70 68
54 71 68
54 72 68
54 73 68
54 74 68
54 75 68
54 76 68
54 77 68
54 78 68
54 79 68
54 80 68
54 81 68
54 82 68
54 83 68
54 84 69
54 85 -1
55 0 -1
55 1 86
55 2 85
55 3 84
55 4 83
55 5 82
55 6 81
55 7 80
55 8 79
55 9 78
55 10 77
55 11 76
55 12 75
55 13 74
55 14 73
55 15 72
55 16 71
55 17 70
55 18 69
55 19 68
55 20 67
55 21 66
55 22 65
55 23 64
55 24 63
55 25 62
55 26 61
55 27 60
55 28 59
55 29 58
55 30 57
55 31 56
55 32 55
55 33 54
55 34 53
55 35 52
55 36 51
55 37 50
55 38 49
55 39 48
55 40 47
55 41 46
55 42 45
55 43 44
55 44 43
55 45 42
55 46 41
55 47 40
55 48 39
55 49 39
55 50 39
55 51 39
55 52 39
55 53 39
55 54 39
55 55 39
55 56 39
55 57 39
55 58 39
55 59 39
55 60 39
55 61 39
55 62 39
55 63 39
55 64 39
55 65 39
55 66 39
55 67 39
55 68 -1
55 69 67
55 70 67
55 71 67
55 72 67
55 73 67
55 74 67
55 75 67
55 76 67
55 77 67
55 78 67
55 79 67
55 80 67
55 81 67
55 82 67
55 83 68
55 84 69
55 85 -1
56 0 -1
56 1 86
56 2 85
56 3 84
56 4 83
56 5 82
56 6 81
56 7 80
56 8 79
56 9 78
56 10 77
56 11 76
56 12 75
56 13 74
56 14 73
56 15 72
56 16 71
56 17 70
56 18 69
56 19 68
56 20 67
56 21 66
56 22 65
56 23 64
56 24 63
56 25 62
56 26 61
56 27 60
56 28 59
56 29 58
56 30 57
56 31 56
56 32 55
56 33 54
56 34 53
56 35 52
56 36 51
56 37 50
56 38 49
56 39 48
56 40 47
56 41 46
56 42 45
56 43 44
56 44 43
56 45 42
56 46 41
56 47 40
56 48 40
56 49 40
56 50 40
56 51 40
56 52 40
56 53 40
56 54 40
56 55 40
56 56 40
56 57 40
56 58 40
56 59 40
56 60 40
56 61 40
56 62 40
56 63 40
56 64 40
56 65 40
56 66 40
56 67 40
56 68 -1
56 69 66
56 70 66
56 71 66
56 72 66
56 73 66
56 74 66
56 75 66
56 76 66
56 77 66
56 78 66
56 79 66
56 80 66
56 81 66
56 82 67
56 83 68
56 84 69
56 85 -1
57 0 -1
57 1 86
57 2 85
57 3 84
57 4 83
57 5 82
57 6 81
57 7 80
57 8 79
57 9 78
57 10 77
57 11 76
57 12 75
57 13 74
57 14 73
57 15 72
57 16 71
57 17 70
57 18 69
57 19 68
57 20 67
57 21 66
57 22 65
57 23 64
57 24 63
57 25 62
57 26 61
57 27 60
57 28 59
57 29 58
57 30 57
57 31 56
57 32 55
57 33 54
57 34 53
57 35 52
57 36 51
57 37 50
57 38 49
57 39 48
57 40 47
57 41 46
57 42 45
57 43 44
57 44 43
57 45 42
57 46 41
57 47 41
57 48 41
57 49 41
57 50 41
57 51 41
57 52 41
57 53 41
57 54 41
57 55 41
57 56 41
57 57 41
57 58 41
57 59 41
57 60 41
57 61 41
57 62 41
57 63 41
57 64 41
57 65 41
57 66 41
57 67 41
57 68 -1
57 69 65
57 70 65
57 71 65
57 72 65
57 73 65
57 74 65
57 75 65
57 76 65
57 77 65
57 78 65
57 79 65
57 80 65
57 81 66
57 82 67
57 83 68
57 84 69
57 85 -1
58 0 -1
58 1 86
58 2 85
58 3 84
58 4 83
58 5 82
58 6 81
58 7 80
58 8 79
58 9 78
58 10 77
58 11 76
58 12 75
58 13 74
58 14 73
58 15 72
58 16 71
58 17 70
58 18 69
58 19 68
58 20 67
58 21 66
58 22 65
58 23 64
58 24 63
58 25 62
58 26 61
58 27 60
58 28 59
58 29 58
58 30 57
58 31 56
58 32 55
58 33 54
58 34 53
58 35 52
58 36 51
58 37 50
58 38 49
58 39 48
58 40 47
58 41 46
58 42 45
58 43 44
58 44 43
58 45 42
58 46 42
58 47 42
58 48 42
58 49 42
58 50 42
58 51 42
58 52 42
58 53 42
58 54 42
58 55 42
58 56 42
58 57 42
58 58 42
58 59 42
58 60 42
58 61 42
58 62 42
58 63 42
58 64 42
58 65 42
58 66 42
58 67 42
58 68 -1
58 69 64
58 70 64
58 71 64
58 72 64
58 73 64
58 74 64
58 75 64
58 76 64
58 77 64
58 78 64
58 79 64
58 80 65
58 81 66
58 82 67
58 83 68
58 84 69
58 85 -1
59 0 -1
59 1 86
59 2 85
59 3 84
59 4 83
59 5 82
59 6 81
59 7 80
59 8 79
59 9 78
59 10 77
59 11 76
59 12 75
59 13 74
59 14 73
59 15 72
59 16 71
59 17 70
59 18 69
59 19 68
59 20 67
59 21 66
59 22 65
59 23 64
59 24 63
59 25 62
59 26 61
59 27 60
59 28 59
59 29 58
59 30 57
59 31 56
59 32 55
59 33 54
59 34 53
59 35 52
59 36 51
59 37 50
59 38 49
59 39 48
59 40 47
59 41 46
59 42 45
59 43 44
59 44 43
59 45 43
59 46 43
59 47 43
59 48 43
59 49 43
59 50 43
59 51 43
59 52 43
59 53 43
59 54 43
59 55 43
59 56 43
59 57 43
59 58 43
59 59 43
59 60 43
59 61 43
59 62 43
59 63 43
59 64 43
59 65 43
59 66 43
59 67 43
59 68 -1
59 69 63
59 70 63
59 71 63
59 72 63
59 73 63
59 74 63
59 75 63
59 76 63
59 77 63
59 78 63
59 79 64
59 80 65
59 81 66
59 82 67
59 83 68
59 84 69
59 85 -1
60 0 -1
60 1 86
60 2 85
60 3 84
60 4 83
60 5 82
60 6 81
60 7 80
60 8 79
60 9 78
60 10 77
60 11 76
60 12 75
60 13 74
60 14 73
60 15 72
60 16 71
60 17 70
60 18 69
60 19 68
60 20 67
60 21 66
60 22 65
60 23 64
60 24 63
60 25 62
60 26 61
60 27 60
60 28 59
60 29 58
60 30 57
60 31 56
60 32 55
60 33 54
60 34 53
60 35 52
60 36 51
60 37 50
60 38 49
60 39 48
60 40 47
60 41 46
60 42 45
60 43 44
60 44 44
60 45 44
60 46 44
60 47 44
60 48 44
60 49 44
60 50 44
60 51 44
60 52 44
60 53 44
60 54 44
60 55 44
60 56 44
60 57 44
60 58 44
60 59 44
60 60 44
60 61 44
60 62 44
60 63 44
60 64 44
60 65 44
60 66 44
60 67 44
60 68 -1
60 69 62
60 70 62
60 71 62
60 72 62
60 73 62
60 74 62
60 75 62
60 76 62
60 77 62
60 78 63
60 79 64
60 80 65
60 81 66
60 82 67
60 83 68
60 84 69
60 85 -1
61 0 -1
61 1 86
61 2 85
61 3 84
61 4 83
61 5 82
61 6 81
61 7 80
61 8 79
61 9 78
61 10 77
61 11 76
61 12 75
61 13 74
61 14 73
61 15 72
61 16 71
61 17 70
61 18 69
61 19 68
61 20 67
61 21 66
61 22 65
61 23 64
61 24 63
61 25 62
61 26 61
61 27 60
61 28 59
61 29 58
61 30 57
61 31 56
61 32 55
61 33 54
61 34 53
61 35 52
61 36 51
61 37 50
61 38 49
61 39 48
61 40 47
61 41 46
61 42 45
61 43 45
61 44 45
61 45 45
61 46 45
61 47 45
61 48 45
61 49 45
61 50 45
61 51 45
61 52 45
61 53 45
61 54 45
61 55 45
61 56 45
61 57 45
61 58 45
61 59 45
61 60 45
61 61 45
61 62 45
61 63 45
61 64 45
61 65 45
61 66 45
61 67 45
61 68 -1
61 69 61
61 70 61
61 71 61
61 72 61
61 73 61
61 74 61
61 75 61
61 76 61
61 77 62
61 78 63
61 79 64
61 80 65
61 81 66
61 82 67
61 83 68
61 84 69
61 85 -1
62 0 -1
62 1 86
62 2 85
62 3 84
62 4 83
62 5 82
62 6 81
62 7 80
62 8 79
62 9 78
62 10 77
62 11 76
62 12 75
62 13 74
62 14 73
62 15 72
62 16 71
62 17 70
62 18 69
62 19 68
62 20 67
62 21 66
62 22 65
62 23 64
62 24 63
62 25 62
62 26 61
62 27 60
62 28 59
62 29 58
62 30 57
62 31 56
62 32 55
62 33 54
62 34 53
62 35 52
62 36 51
62 37 50
62 38 49
62 39 48
62 40 47
62 41 46
62 42 46
62 43 46
62 44 46
62 45 46
62 46 46
62 47 46
62 48 46
62 49 46
62 50 46
62 51 46
62 52 46
62 53 46
62 54 46
62 55 46
62 56 46
62 57 46
62 58 46
62 59 46
62 60 46
62 61 46
62 62 46
62 63 46
62 64 46
62 65 46
62 66 46
62 67 46
62 68 -1
62 69 60
62 70 60
62 71 60
62 72 60
62 73 60
62 74 60
62 75 60
62 76 61
62 77 62
62 78 63
62 79 64
62 80 65
62 81 66
62 82 67
62 83 68
62 84 69
62 85 -1
63 0 -1
63 1 86
63 2 85
63 3 84
63 4 83
63 5 82
63 6 81
63 7 80
63 8 79
63 9 78
63 10 77
63 11 76
63 12 75
63 13 74
63 14 73
63 15 72
63 16 71
63 17 70
63 18 69
63 19 68
63 20 67
63 21 66
63 22 65
63 23 64
63 24 63
63 25 62
63 26 61
63 27 60
63 28 59
63 29 58
63 30 57
63 31 56
63 32 55
63 33 54
63 34 53
63 35 52
63 36 51
63 37 50
63 38 49
63 39 48
63 40 47
63 41 47
63 42 47
63 43 47
63 44 47
63 45 47
63 46 47
63 47 47
63 48 47
63 49 47
63 50 47
63 51 47
63 52 47
63 53 47
63 54 47
63 55 47
63 56 47
63 57 47
63 58 47
63 59 47
63 60 47
63 61 47
63 62 47
63 63 47
63 64 47
63 65 47
63 66 47
63 67 47
63 68 -1
63 69 59
63 70 59
63 71 59
63 72 59
63 73 59
63 74 59
63 75 60
63 76 61
63 77 62
63 78 63
63 79 64
63 80 65
63 81 66
63 82 67
63 83 68
63 84 69
63 85 -1
64 0 -1
64 1 86
64 2 85
64 3 84
64 4 83
64 5 82
64 6 81
64 7 80
64 8 79
64 9 78
64 10 77
64 11 76
64 12 75
64 13 74
64 14 73
64 15 72
64 16 71
64 17 70
64 18 69
64 19 68
64 20 67
64 21 66
64 22 65
64 23 64
64 24 63
64 25 62
64 26 61
64 27 60
64 28 59
64 29 58
64 30 57
64 31 56
64 32 55
64 33 54
64 34 53
64 35 52
64 36 51
64 37 50
64 38 49
64 39 48
64 40 48
64 41 48
64 42 48
64 43 48
64 44 48
64 45 48
64 46 48
64 47 48
64 48 48
64 49 48
64 50 48
64 51 48
64 52 48
64 53 48
64 54 48
64 55 48
64 56 48
64 57 48
64 58 48
64 59 48
64 60 48
64 61 48
64 62 48
64 63 48
64 64 48
64 65 48
64 66 48
64 67 48
64 68 -1
64 69 58
64 70 58
64 71 58
64 72 58
64 73 58
64 74 59
64 75 60
64 76 61
64 77 62
64 78 63
64 79 64
64 80 65
64 81 66
64 82 67
64 83 68
64 84 69
64 85 -1
65 0 -1
65 1 86
65 2 85
65 3 84
65 4 83
65 5 82
65 6 81
65 7 80
65 8 79
65 9 78
65 10 77
65 11 76
65 12 75
65 13 74
65 14 73
65 15 72
65 16 71
65 17 70
65 18 69
65 19 68
65 20 67
65 21 66
65 22 65
65 23 64
65 24 63
65 25 62
65 26 61
65 27 60
65 28 59
65 29 58
65 30 57
65 31 56
65 32 55
65 33 54
65 34 53
65 35 52
65 36 51
65 37 50
65 38 49
65 39 49
65 40 49
65 41 49
65 42 49
65 43 49
65 44 49
65 45 49
65 46 49
65 47 49
65 48 49
65 49 49
65 50 49
65 51 49
65 52 49
65 53 49
65 54 49
65 55 49
65 56 49
65 57 49
65 58 49
65 59 49
65 60 49
65 61 49
65 62 49
65 63 49
65 64 49
65 65 49
65 66 49
65 67 49
65 68 -1
65 69 57
65 70 57
65 71 57
65 72 57
65 73 58
65 74 59
65 75 60
65 76 61
65 77 62
65 78 63
65 79 64
65 80 65
65 81 66
65 82 67
65 83 68
65 84 69
65 85 -1
66 0 -1
66 1 86
66 2 85
66 3 84
66 4 83
66 5 82
66 6 81
66 7 80
66 8 79
66 9 78
66 10 77
66 11 76
66 12 75
66 13 74
66 14 73
66 15 72
66 16 71
66 17 70
66 18 69
66 19 68
66 20 67
66 21 66
66 22 65
66 23 64
66 24 63
66 25 62
66 26 61
66 27 60
66 28 59
66 29 58
66 30 57
66 31 56
66 32 55
66 33 54
66 34 53
66 35 52
66 36 51
66 37 50
66 38 50
66 39 50
66 40 50
66 41 50
66 42 50
66 43 50
66 44 50
66 45 50
66 46 50
66 47 50
66 48 50
66 49 50
66 50 50
66 51 50
66 52 50
66 53 50
66 54 50
66 55 50
66 56 50
66 57 50
66 58 50
66 59 50
66 60 50
66 61 50
66 62 50
66 63 50
66 64 50
66 65 50
66 66 50
66 67 50
66 68 -1
66 69 56
66 70 56
66 71 56
66 72 57
66 73 58
66 74 59
66 75 60
66 76 61
66 77 62
66 78 63
66 79 64
66 80 65
66 81 66
66 82 67
66 83 68
66 84 69
66 85 -1
67 0 -1
67 1 86
67 2 85
67 3 84
67 4 83
67 5 82
67 6 81
67 7 80
67 8 79
67 9 78
67 10 77
67 11 76
67 12 75
67 13 74
67 14 73
67 15 72
67 16 71
67 17 70
67 18 69
67 19 68
67 20 67
67 21 66
67 22 65
67 23 64
67 24 63
67 25 62
67 26 61
67 27 60
67 28 59
67 29 58
67 30 57
67 31 56
67 32 55
67 33 54
67 34 53
67 35 52
67 36 51
67 37 51
67 38 51
67 39 51
67 40 51
67 41 51
67 42 51
67 43 51
67 44 51
67 45 51
67 46 51
67 47 51
67 48 51
67 49 51
67 50 51
67 51 51
67 52 51
67 53 51
67 54 51
67 55 51
67 56 51
67 57 51
67 58 51
67 59 51
67 60 51
67 61 51
67 62 51
67 63 51
67 64 51
67 65 51
67 66 51
67 67 51
67 68 -1
67 69 55
67 70 55
67 71 56
67 72 57
67 73 58
67 74 59
67 75 60
67 76 61
67 77 62
67 78 63
67 79 64
67 80 65
67 81 66
67 82 67
67 83 68
67 84 69
67 85 -1
68 0 -1
68 1 86
68 2 85
68 3 84
68 4 83
68 5 82
68 6 81
68 7 80
68 8 79
68 9 78
68 10 77
68 11 76
68 12 75
68 13 74
68 14 73
68 15 72
68 16 71
68 17 -1
68 18 69
68 19 68
68 20 67
68 21 66
68 22 65
68 23 64
68 24 63
68 25 62
68 26 61
68 27 60
68 28 59
68 29 58
68 30 57
68 31 56
68 32 55
68 33 54
68 34 -1
68 35 -1
68 36 -1
68 37 -1
68 38 -1
68 39 -1
68 40 -1
68 41 -1
68 42 -1
68 43 -1
68 44 -1
68 45 -1
68 46 -1
68 47 -1
68 48 -1
68 49 -1
68 50 -1
68 51 -1
68 52 52
68 53 52
68 54 52
68 55 52
68 56 52
68 57 52
68 58 52
68 59 52
68 60 52
68 61 52
68 62 52
68 63 52
68 64 52
68 65 52
68 66 52
68 67 52
68 68 -1
68 69 54
68 70 55
68 71 56
68 72 57
68 73 58
68 74 59
68 75 60
68 76 61
68 77 62
68 78 63
68 79 64
68 80 65
68 81 66
68 82 67
68 83 68
68 84 69
68 85 -1
69 0 -1
69 1 86
69 2 85
69 3 84
69 4 83
69 5 82
69 6 81
69 7 80
69 8 79
69 9 78
69 10 77
69 11 76
69 12 75
69 13 74
69 14 73
69 15 72
69 16 72
69 17 -1
69 18 69
69 19 68
69 20 67
69 21 66
69 22 65
69 23 64
69 24 63
69 25 62
69 26 61
69 27 60
69 28 59
69 29 58
69 30 57
69 31 56
69 32 55
69 33 55
69 34 55
69 35 56
69 36 57
69 37 58
69 38 59
69 39 60
69 40 61
69 41 62
69 42 63
69 43 64
69 44 65
69 45 66
69 46 67
69 47 68
69 48 69
69 49 70
69 50 71
69 51 -1
69 52 53
69 53 53
69 54 53
69 55 53
69 56 53
69 57 53
69 58 53
69 59 53
69 60 53
69 61 53
69 62 53
69 63 53
69 64 53
69 65 53
69 66 53
69 67 53
69 68 53
69 69 54
69 70 55
69 71 56
69 72 57
69 73 58
69 74 59
69 75 60
69 76 61
69 77 62
69 78 63
69 79 64
69 80 65
69 81 66
69 82 67
69 83 68
69 84 69
69 85 -1
70 0 -1
70 1 86
70 2 85
70 3 84
70 4 83
70 5 82
70 6 81
70 7 80
70 8 79
70 9 78
70 10 77
70 11 76
70 12 75
70 13 74
70 14 73
70 15 73
70 16 73
70 17 -1
70 18 69
70 19 68
70 20 67
70 21 66
70 22 65
70 23 64
70 24 63
70 25 62
70 26 61
70 27 60
70 28 59
70 29 58
70 30 57
70 31 56
70 32 56
70 33 56
70 34 56
70 35 56
70 36 57
70 37 58
70 38 59
70 39 60
70 40 61
70 41 62
70 42 63
70 43 64
70 44 65
70 45 66
70 46 67
70 47 68
70 48 69
70 49 70
70 50 71
70 51 -1
70 52 54
70 53 54
70 54 54
70 55 54
70 56 54
70 57 54
70 58 54
70 59 54
70 60 54
70 61 54
70 62 54
70 63 54
70 64 54
70 65 54
70 66 54
70 67 54
70 68 54
70 69 54
70 70 55
70 71 56
70 72 57
70 73 58
70 74 59
70 75 60
70 76 61
70 77 62
70 78 63
70 79 64
70 80 65
70 81 66
70 82 67
70 83 68
70 84 69
70 85 -1
71 0 -1
71 1 86
71 2 85
71 3 84
71 4 83
71 5 82
71 6 81
71 7 80
71 8 79
71 9 78
71 10 77
71 11 76
71 12 75
71 13 74
71 14 74
71 15 74
71 16 74
71 17 -1
71 18 69
71 19 68
71 20 67
71 21 66
71 22 65
71 23 64
71 24 63
71 25 62
71 26 61
71 27 60
71 28 59
71 29 58
71 30 57
71 31 57
71 32 57
71 33 57
71 34 57
71 35 57
71 36 57
71 37 58
71 38 59
71 39 60
71 40 61
71 41 62
71 42 63
71 43 64
71 44 65
71 45 66
71 46 67
71 47 68
71 48 69
71 49 70
71 50 71
71 51 -1
71 52 55
71 53 55
71 54 55
71 55 55
71 56 55
71 57 55
71 58 55
71 59 55
71 60 55
71 61 55
71 62 55
71 63 55
71 64 55
71 65 55
71 66 55
71 67 55
71 68 55
71 69 55
71 70 55
71 71 56
71 72 57
71 73 58
71 74 59
71 75 60
71 76 61
71 77 62
71 78 63
71 79 64
71 80 65
71 81 66
71 82 67
71 83 68
71 84 69
71 85 -1
72 0 -1
72 1 86
72 2 85
72 3 84
72 4 83
72 5 82
72 6 81
72 7 80
72 8 79
72 9 78
72 10 77
72 11 76
72 12 75
72 13 75
72 14 75
72 15 75
72 16 75
72 17 -1
72 18 69
72 19 68
72 20 67
72 21 66
72 22 65
72 23 64
72 24 63
72 25 62
72 26 61
72 27 60
72 28 59
72 29 58
72 30 58
72 31 58
72 32 58
72 33 58
72 34 58
72 35 58
72 36 58
72 37 58
72 38 59
72 39 60
72 40 61
72 41 62
72 42 63
72 43 64
72 44 65
72 45 66
72 46 67
72 47 68
72 48 69
72 49 70
72 50 71
72 51 -1
72 52 56
72 53 56
72 54 56
72 55 56
72 56 56
72 57 56
72 58 56
72 59 56
72 60 56
72 61 56
72 62 56
72 63 56
72 64 56
72 65 56
72 66 56
72 67 56
72 68 56
72 69 56
72 70 56
72 71 56
72 72 57
72 73 58
72 74 59
72 75 60
72 76 61
72 77 62
72 78 63
72 79 64
72 80 65
72 81 66
72 82 67
72 83 68
72 84 69
72 85 -1
73 0 -1
73 1 86
73 2 85
73 3 84
73 4 83
73 5 82
73 6 81
73 7 80
73 8 79
73 9 78
73 10 77
73 11 76
73 12 76
73 13 76
73 14 76
73 15 76
73 16 76
73 17 -1
73 18 69
73 19 68
73 20 67
73 21 66
73 22 65
73 23 64
73 24 63
73 25 62
73 26 61
73 27 60
73 28 59
73 29 59
73 30 59
73 31 59
73 32 59
73 33 59
73 34 59
73 35 59
73 36 59
73 37 59
73 38 59
73 39 60
73 40 61
73 41 62
73 42 63
73 43 64
73 44 65
73 45 66
73 46 67
73 47 68
73 48 69
73 49 70
73 50 71
73 51 -1
73 52 57
73 53 57
73 54 57
73 55 57
73 56 57
73 57 57
73 58 57
73 59 57
73 60 57
73 61 57
73 62 57
73 63 57
73 64 57
73 65 57
73 66 57
73 67 57
73 68 57
73 69 57
73 70 57
73 71 57
73 72 57
73 73 58
73 74 59
73 75 60
73 76 61
73 77 62
73 78 63
73 79 64
73 80 65
73 81 66
73 82 67
73 83 68
73 84 69
73 85 -1
74 0 -1
74 1 86
74 2 85
74 3 84
74 4 83
74 5 82
74 6 81
74 7 80
74 8 79
74 9 78
74 10 77
74 11 77
74 12 77
74 13 77
74 14 77
74 15 77
74 16 77
74 17 -1
74 18 69
74 19 68
74 20 67
74 21 66
74 22 65
74 23 64
74 24 63
74 25 62
74 26 61
74 27 60
74 28 60
74 29 60
74 30 60
74 31 60
74 32 60
74 33 60
74 34 60
74 35 60
74 36 60
74 37 60
74 38 60
74 39 60
74 40 61
74 41 62
74 42 63
74 43 64
74 44 65
74 45 66
74 46 67
74 47 68
74 48 69
74 49 70
74 50 71
74 51 -1
74 52 58
74 53 58
74 54 58
74 55 58
74 56 58
74 57 58
74 58 58
74 59 58
74 60 58
74 61 58
74 62 58
74 63 58
74 64 58
74 65 58
74 66 58
74 67 58
74 68 58
74 69 58
74 70 58
74 71 58
74 72 58
74 73 58
74 74 59
74 75 60
74 76 61
74 77 62
74 78 63
74 79 64
74 80 65
74 81 66
74 82 67
74 83 68
74 84 69
74 85 -1
75 0 -1
75 1 86
75 2 85
75 3 84
75 4 83
75 5 82
75 6 81
75 7 80
75 8 79
75 9 78
75 10 78
75 11 78
75 12 78
75 13 78
75 14 78
75 15 78
75 16 78
75 17 -1
75 18 69
75 19 68
75 20 67
75 21 66
75 22 65
75 23 64
75 24 63
75 25 62
75 26 61
75 27 61
75 28 61
75 29 61
75 30 61
75 31 61
75 32 61
75 33 61
75 34 61
75 35 61
75 36 61
75 37 61
75 38 61
75 39 61
75 40 61
75 41 62
75 42 63
75 43 64
75 44 65
75 45 66
75 46 67
75 47 68
75 48 69
75 49 70
75 50 71
75 51 -1
75 52 59
75 53 59
75 54 59
75 55 59
75 56 59
75 57 59
75 58 59
75 59 59
75 60 59
75 61 59
75 62 59
75 63 59
75 64 59
75 65 59
75 66 59
75 67 59
75 68 59
75 69 59
75 70 59
75 71 59
75 72 59
75 73 59
75 74 59
75 75 60
75 76 61
75 77 62
75 78 63
75 79 64
75 80 65
75 81 66
75 82 67
75 83 68
75 84 69
75 85 -1
76 0 -1
76 1 86
76 2 85
76 3 84
76 4 83
76 5 82
76 6 81
76 7 80
76 8 79
76 9 79
76 10 79
76 11 79
76 12 79
76 13 79
76 14 79
76 15 79
76 16 79
76 17 -1
76 18 69
76 19 68
76 20 67
76 21 66
76 22 65
76 23 64
76 24 63
76 25 62
76 26 62
76 27 62
76 28 62
76 29 62
76 30 62
76 31 62
76 32 62
76 33 62
76 34 62
76 35 62
76 36 62
76 37 62
76 38 62
76 39 62
76 40 62
76 41 62
76 42 63
76 43 64
76 44 65
76 45 66
76 46 67
76 47 68
76 48 69
76 49 70
76 50 71
76 51 -1
76 52 60
76 53 60
76 54 60
76 55 60
76 56 60
76 57 60
76 58 60
76 59 60
76 60 60
76 61 60
76 62 60
76 63 60
76 64 60
76 65 60
76 66 60
76 67 60
76 68 60
76 69 60
76 70 60
76 71 60
76 72 60
76 73 60
76 74 60
76 75 60
76 76 61
76 77 62
76 78 63
76 79 64
76 80 65
76 81 66
76 82 67
76 83 68
76 84 69
76 85 -1
77 0 -1
77 1 86
77 2 85
77 3 84
77 4 83
77 5 82
77 6 81
77 7 80
77 8 80
77 9 80
77 10 80
77 11 80
77 12 80
77 13 80
77 14 80
77 15 80
77 16 80
77 17 -1
77 18 69
77 19 68
77 20 67
77 21 66
77 22 65
77 23 64
77 24 63
77 25 63
77 26 63
77 27 63
77 28 63
77 29 63
77 30 63
77 31 63
77 32 63
77 33 63
77 34 63
77 35 63
77 36 63
77 37 63
77 38 63
77 39 63
77 40 63
77 41 63
77 42 63
77 43 64
77 44 65
77 45 66
77 46 67
77 47 68
77 48 69
77 49 70
77 50 71
77 51 -1
77 52 61
77 53 61
77 54 61
77 55 61
77 56 61
77 57 61
77 58 61
77 59 61
77 60 61
77 61 61
77 62 61
77 63 61
77 64 61
77 65 61
77 66 61
77 67 61
77 68 61
77 69 61
77 70 61
77 71 61
77 72 61
77 73 61
77 74 61
77 75 61
77 76 61
77 77 62
77 78 63
77 79 64
77 80 65
77 81 66
77 82 67
77 83 68
77 84 69
77 85 -1
78 0 -1
78 1 86
78 2 85
78 3 84
78 4 83
78 5 82
78 6 81
78 7 81
78 8 81
78 9 81
78 10 81
78 11 81
78 12 81
78 13 81
78 14 81
78 15 81
78 16 81
78 17 -1
78 18 69
78 19 68
78 20 67
78 21 66
78 22 65
78 23 64
78 24 64
78 25 64
78 26 64
78 27 64
78 28 64
78 29 64
78 30 64
78 31 64
78 32 64
78 33 64
78 34 64
78 35 64
78 36 64
78 37 64
78 38 64
78 39 64
78 40 64
78 41 64
78 42 64
78 43 64
78 44 65
78 45 66
78 46 67
78 47 68
78 48 69
78 49 70
78 50 71
78 51 -1
78 52 62
78 53 62
78 54 62
78 55 62
78 56 62
78 57 62
78 58 62
78 59 62
78 60 62
78 61 62
78 62 62
78 63 62
78 64 62
78 65 62
78 66 62
78 67 62
78 68 62
78 69 62
78 70 62
78 71 62
78 72 62
78 73 62
78 74 62
78 75 62
78 76 62
78 77 62
78 78 63
78 79 64
78 80 65
78 81 66
78 82 67
78 83 68
78 84 69
78 85 -1
79 0 -1
79 1 86
79 2 85
79 3 84
79 4 83
79 5 82
79 6 82
79 7 82
79 8 82
79 9 82
79 10 82
79 11 82
79 12 82
79 13 82
79 14 82
79 15 82
79 16 82
79 17 -1
79 18 69
79 19 68
79 20 67
79 21 66
79 22 65
79 23 65
79 24 65
79 25 65
79 26 65
79 27 65
79 28 65
79 29 65
79 30 65
79 31 65
79 32 65
79 33 65
79 34 65
79 35 65
79 36 65
79 37 65
79 38 65
79 39 65
79 40 65
79 41 65
79 42 65
79 43 65
79 44 65
79 45 66
79 46 67
79 47 68
79 48 69
79 49 70
79 50 71
79 51 -1
79 52 63
79 53 63
79 54 63
79 55 63
79 56 63
79 57 63
79 58 63
79 59 63
79 60 63
79 61 63
79 62 63
79 63 63
79 64 63
79 65 63
79 66 63
79 67 63
79 68 63
79 69 63
79 70 63
79 71 63
79 72 63
79 73 63
79 74 63
79 75 63
79 76 63
79 77 63
79 78 63
79 79 64
79 80 65
79 81 66
79 82 67
79 83 68
79 84 69
79 85 -1
80 0 -1
80 1 86
80 2 85
80 3 84
80 4 83
80 5 83
80 6 83
80 7 83
80 8 83
80 9 83
80 10 83
80 11 83
80 12 83
80 13 83
80 14 83
80 15 83
80 16 83
80 17 -1
80 18 69
80 19 68
80 20 67
80 21 66
80 22 66
80 23 66
80 24 66
80 25 66
80 26 66
80 27 66
80 28 66
80 29 66
80 30 66
80 31 66
80 32 66
80 33 66
80 34 66
80 35 66
80 36 66
80 37 66
80 38 66
80 39 66
80 40 66
80 41 66
80 42 66
80 43 66
80 44 66
80 45 66
80 46 67
80 47 68
80 48 69
80 49 70
80 50 71
80 51 -1
80 52 64
80 53 64
80 54 64
80 55 64
80 56 64
80 57 64
80 58 64
80 59 64
80 60 64
80 61 64
80 62 64
80 63 64
80 64 64
80 65 64
80 66 64
80 67 64
80 68 64
80 69 64
80 70 64
80 71 64
80 72 64
80 73 64
80 74 64
80 75 64
80 76 64
80 77 64
80 78 64
80 79 64
80 80 65
80 81 66
80 82 67
80 83 68
80 84 69
80 85 -1
81 0 -1
81 1 86
81 2 85
81 3 84
81 4 84
81 5 84
81 6 84
81 7 84
81 8 84
81 9 84
81 10 84
81 11 84
81 12 84
81 13 84
81 14 84
81 15 84
81 16 84
81 17 -1
81 18 69
81 19 68
81 20 67
81 21 67
81 22 67
81 23 67
81 24 67
81 25 67
81 26 67
81 27 67
81 28 67
81 29 67
81 30 67
81 31 67
81 32 67
81 33 67
81 34 67
81 35 67
81 36 67
81 37 67
81 38 67
81 39 67
81 40 67
81 41 67
81 42 67
81 43 67
81 44 67
81 45 67
81 46 67
81 47 68
81 48 69
81 49 70
81 50 71
81 51 -1
81 52 65
81 53 65
81 54 65
81 55 65
81 56 65
81 57 65
81 58 65
81 59 65
81 60 65
81 61 65
81 62 65
81 63 65
81 64 65
81 65 65
81 66 65
81 67 65
81 68 65
81 69 65
81 70 65
81 71 65
81 72 65
81 73 65
81 74 65
81 75 65
81 76 65
81 77 65
81 78 65
81 79 65
81 80 65
81 81 66
81 82 67
81 83 68
81 84 69
81 85 -1
82 0 -1
82 1 86
82 2 85
82 3 85
82 4 85
82 5 85
82 6 85
82 7 85
82 8 85
82 9 85
82 10 85
82 11 85
82 12 85
82 13 85
82 14 85
82 15 85
82 16 85
82 17 -1
82 18 69
82 19 68
82 20 68
82 21 68
82 22 68
82 23 68
82 24 68
82 25 68
82 26 68
82 27 68
82 28 68
82 29 68
82 30 68
82 31 68
82 32 68
82 33 68
82 34 68
82 35 68
82 36 68
82 37 68
82 38 68
82 39 68
82 40 68
82 41 68
82 42 68
82 43 68
82 44 68
82 45 68
82 46 68
82 47 68
82 48 69
82 49 70
82 50 71
82 51 -1
82 52 66
82 53 66
82 54 66
82 55 66
82 56 66
82 57 66
82 58 66
82 59 66
82 60 66
82 61 66
82 62 66
82 63 66
82 64 66
82 65 66
82 66 66
82 67 66
82 68 66
82 69 66
82 70 66
82 71 66
82 72 66
82 73 66
82 74 66
82 75 66
82 76 66
82 77 66
82 78 66
82 79 66
82 80 66
82 81 66
82 82 67
82 83 68
82 84 69
82 85 -1
83 0 -1
83 1 86
83 2 86
83 3 86
83 4 86
83 5 86
83 6 86
83 7 86
83 8 86
83 9 86
83 10 86
83 11 86
83 12 86
83 13 86
83 14 86
83 15 86
83 16 86
83 17 -1
83 18 69
83 19 69
83 20 69
83 21 69
83 22 69
83 23 69
83 24 69
83 25 69
83 26 69
83 27 69
83 28 69
83 29 69
83 30 69
83 31 69
83 32 69
83 33 69
83 34 69
83 35 69
83 36 69
83 37 69
83 38 69
83 39 69
83 40 69
83 41 69
83 42 69
83 43 69
83 44 69
83 45 69
83 46 69
83 47 69
83 48 69
83 49 70
83 50 71
83 51 -1
83 52 67
83 53 67
83 54 67
83 55 67
83 56 67
83 57 67
83 58 67
83 59 67
83 60 67
83 61 67
83 62 67
83 63 67
83 64 67
83 65 67
83 66 67
83 67 67
83 68 67
83 69 67
83 70 67
83 71 67
83 72 67
83 73 67
83 74 67
83 75 67
83 76 67
83 77 67
83 78 67
83 79 67
83 80 67
83 81 67
83 82 67
83 83 68
83 84 69
83 85 -1
84 0 -1
84 1 87
84 2 87
84 3 87
84 4 87
84 5 87
84 6 87
84 7 87
84 8 87
84 9 87
84 10 87
84 11 87
84 12 87
84 13 87
84 14 87
84 15 87
84 16 87
84 17 -1
84 18 70
84 19 70
84 20 70
84 21 70
84 22 70
84 23 70
84 24 70
84 25 70
84 26 70
84 27 70
84 28 70
84 29 70
84 30 70
84 31 70
84 32 70
84 33 70
84 34 70
84 35 70
84 36 70
84 37 70
84 38 70
84 39 70
84 40 70
84 41 70
84 42 70
84 43 70
84 44 70
84 45 70
84 46 70
84 47 70
84 48 70
84 49 70
84 50 71
84 51 -1
84 52 68
84 53 68
84 54 68
84 55 68
84 56 68
84 57 68
84 58 68
84 59 68
84 60 68
84 61 68
84 62 68
84 63 68
84 64 68
84 65 68
84 66 68
84 67 68
84 68 68
84 69 68
84 70 68
84 71 68
84 72 68
84 73 68
84 74 68
84 75 68
84 76 68
84 77 68
84 78 68
84 79 68
84 80 68
84 81 68
84 82 68
84 83 68
84 84 69
84 85 -1
85 0 -1
85 1 -1
85 2 -1
85 3 -1
85 4 -1
85 5 -1
85 6 -1
85 7 -1
85 8 -1
85 9 -1
85 10 -1
85 11 -1
85 12 -1
85 13 -1
85 14 -1
85 15 -1
85 16 -1
85 17 -1
85 18 -1
85 19 -1
85 20 -1
85 21 -1
85 22 -1
85 23 -1
85 24 -1
85 25 -1
85 26 -1
85 27 -1
85 28 -1
85 29 -1
85 30 -1
85 31 -1
85 32 -1
85 33 -1
85 34 -1
85 35 -1
85 36 -1
85 37 -1
85 38 -1
85 39 -1
85 40 -1
85 41 -1
85 42 -1
85 43 -1
85 44 -1
85 45 -1
85 46 -1
85 47 -1
85 48 -1
85 49 -1
85 50 -1
85 51 -1
85 52 -1
85 53 -1
85 54 -1
85 55 -1
85 56 -1
85 57 -1
85 58 -1
85 59 -1
85 60 -1
85 61 -1
85 62 -1
85 63 -1
85 64 -1
85 65 -1
85 66 -1
85 67 -1
85 68 -1
85 69 -1
85 70 -1
85 71 -1
85 72 -1
85 73 -1
85 74 -1
85 75 -1
85 76 -1
85 77 -1
85 78 -1
85 79 -1
85 80 -1
85 81 -1
85 82 -1
85 83 -1
85 84 -1
85 85 -1
